7-5-0.001000-[3,0,2,5,1,6,4,]
7-1-0.000000-[6,2,5,1,4,0,3,]
7-7-0.002000-[3,0,2,5,1,6,4,]
7-3-0.001000-[6,3,0,4,1,5,2,]
7-11-0.004000-[3,5,0,2,4,6,1,]
7-5-0.002000-[3,0,2,5,1,6,4,]
7-5-0.002000-[4,0,5,3,1,6,2,]
7-6-0.002000-[4,6,1,5,2,0,3,]
7-5-0.001000-[2,6,3,0,4,1,5,]
7-8-0.002000-[1,4,2,0,6,3,5,]
7-7-0.001000-[1,5,2,6,3,0,4,]
7-3-0.001000-[4,1,5,2,6,3,0,]
7-1-0.000000-[4,0,3,6,2,5,1,]
7-1-0.000000-[4,6,1,5,2,0,3,]
7-7-0.001000-[5,1,4,0,3,6,2,]
7-3-0.000000-[1,5,2,6,3,0,4,]
7-3-0.001000-[4,6,1,5,2,0,3,]
7-4-0.001000-[5,3,6,0,2,4,1,]
7-5-0.001000-[1,4,2,0,6,3,5,]
7-3-0.000000-[2,6,3,0,4,1,5,]
7-4-0.000000-[1,4,6,3,0,2,5,]
7-4-0.001000-[2,4,6,1,3,5,0,]
7-2-0.000000-[6,4,2,0,5,3,1,]
7-6-0.000000-[0,3,6,2,5,1,4,]
7-1-0.000000-[1,4,6,3,0,2,5,]
7-2-0.000000-[1,4,0,3,6,2,5,]
7-5-0.001000-[0,2,4,6,1,3,5,]
7-1-0.000000-[4,6,1,5,2,0,3,]
7-2-0.001000-[0,3,6,2,5,1,4,]
7-1-0.000000-[0,4,1,5,2,6,3,]
7-2-0.001000-[3,6,4,1,5,0,2,]
7-2-0.000000-[5,3,1,6,4,2,0,]
7-6-0.001000-[1,4,0,3,6,2,5,]
7-3-0.000000-[0,5,3,1,6,4,2,]
7-8-0.001000-[1,3,5,0,2,4,6,]
7-12-0.001000-[2,4,6,1,3,5,0,]
7-1-0.000000-[4,2,0,5,3,1,6,]
7-3-0.001000-[4,0,3,6,2,5,1,]
7-3-0.001000-[5,1,4,0,3,6,2,]
7-2-0.000000-[1,3,5,0,2,4,6,]
7-2-0.001000-[2,0,5,3,1,6,4,]
7-2-0.000000-[2,0,5,3,1,6,4,]
7-5-0.000000-[5,2,4,6,0,3,1,]
7-4-0.000000-[0,2,4,6,1,3,5,]
7-1-0.001000-[6,4,2,0,5,3,1,]
7-1-0.000000-[5,2,4,6,0,3,1,]
7-12-0.002000-[2,6,3,0,4,1,5,]
7-2-0.000000-[3,6,2,5,1,4,0,]
7-2-0.000000-[5,2,0,3,6,4,1,]
7-8-0.001000-[2,4,6,1,3,5,0,]
7-3-0.000000-[5,2,4,6,0,3,1,]
7-8-0.001000-[0,3,6,2,5,1,4,]
7-11-0.002000-[3,6,4,1,5,0,2,]
7-1-0.000000-[4,2,0,5,3,1,6,]
7-9-0.001000-[0,5,3,1,6,4,2,]
7-5-0.000000-[0,5,3,1,6,4,2,]
7-5-0.000000-[3,5,0,2,4,6,1,]
7-1-0.000000-[1,3,5,0,2,4,6,]
7-8-0.001000-[1,3,0,6,4,2,5,]
7-1-0.000000-[5,2,6,3,0,4,1,]
7-1-0.000000-[0,3,6,2,5,1,4,]
7-4-0.001000-[5,2,4,6,0,3,1,]
7-3-0.001000-[3,0,2,5,1,6,4,]
7-2-0.000000-[2,6,1,3,5,0,4,]
7-9-0.002000-[2,5,1,4,0,3,6,]
7-3-0.001000-[6,3,0,4,1,5,2,]
7-2-0.000000-[1,4,6,3,0,2,5,]
7-3-0.001000-[5,3,6,0,2,4,1,]
7-7-0.001000-[3,0,4,1,5,2,6,]
7-2-0.001000-[1,4,6,3,0,2,5,]
7-6-0.001000-[1,5,2,6,3,0,4,]
7-3-0.000000-[2,5,1,4,0,3,6,]
7-4-0.000000-[0,5,3,1,6,4,2,]
7-2-0.000000-[4,0,3,6,2,5,1,]
7-7-0.001000-[6,2,5,1,4,0,3,]
7-4-0.001000-[3,0,4,1,5,2,6,]
7-1-0.000000-[6,1,3,5,0,2,4,]
7-7-0.001000-[0,5,3,1,6,4,2,]
7-3-0.001000-[2,0,5,3,1,6,4,]
7-16-0.002000-[0,2,4,6,1,3,5,]
7-2-0.000000-[1,4,6,3,0,2,5,]
7-3-0.001000-[3,5,0,2,4,6,1,]
7-10-0.002000-[0,2,4,6,1,3,5,]
7-6-0.001000-[0,4,1,5,2,6,3,]
7-1-0.000000-[4,2,0,5,3,1,6,]
7-3-0.001000-[2,5,1,4,0,3,6,]
7-3-0.000000-[2,0,5,3,1,6,4,]
7-1-0.000000-[1,3,5,0,2,4,6,]
7-3-0.000000-[3,6,4,1,5,0,2,]
7-2-0.001000-[3,1,6,4,2,0,5,]
7-4-0.000000-[4,1,5,2,6,3,0,]
7-1-0.001000-[5,1,4,0,3,6,2,]
7-1-0.000000-[6,1,3,5,0,2,4,]
7-6-0.000000-[3,1,6,4,2,0,5,]
7-1-0.000000-[2,6,1,3,5,0,4,]
7-1-0.001000-[5,3,1,6,4,2,0,]
7-7-0.001000-[0,3,6,2,5,1,4,]
7-1-0.000000-[4,6,1,5,2,0,3,]
7-3-0.001000-[2,6,3,0,4,1,5,]
7-3-0.001000-[5,2,6,3,0,4,1,]
7-2-0.001000-[3,0,2,5,1,6,4,]
7-9-0.003000-[4,2,0,5,3,1,6,]
7-2-0.000000-[3,5,0,2,4,6,1,]
7-1-0.001000-[5,0,2,4,6,1,3,]
7-10-0.003000-[1,6,4,2,0,5,3,]
7-2-0.001000-[5,1,4,0,3,6,2,]
7-9-0.003000-[2,0,5,1,4,6,3,]
7-2-0.000000-[3,0,4,1,5,2,6,]
7-6-0.001000-[5,1,4,0,3,6,2,]
7-5-0.001000-[5,1,4,0,3,6,2,]
7-5-0.001000-[2,6,1,3,5,0,4,]
7-15-0.010000-[6,2,5,1,4,0,3,]
7-4-0.001000-[2,4,6,1,3,5,0,]
7-7-0.001000-[4,6,1,5,2,0,3,]
7-6-0.000000-[2,0,5,1,4,6,3,]
7-2-0.000000-[4,0,3,6,2,5,1,]
7-1-0.000000-[6,4,2,0,5,3,1,]
7-1-0.000000-[6,1,3,5,0,2,4,]
7-1-0.001000-[6,3,0,4,1,5,2,]
7-4-0.000000-[3,6,4,1,5,0,2,]
7-5-0.000000-[0,3,6,2,5,1,4,]
7-2-0.000000-[5,2,6,3,0,4,1,]
7-12-0.001000-[3,5,0,2,4,6,1,]
7-2-0.001000-[2,0,5,3,1,6,4,]
7-2-0.001000-[2,5,1,4,0,3,6,]
7-4-0.001000-[1,3,5,0,2,4,6,]
7-3-0.000000-[6,3,0,4,1,5,2,]
7-1-0.000000-[5,2,4,6,0,3,1,]
7-1-0.000000-[6,1,3,5,0,2,4,]
7-7-0.001000-[1,4,2,0,6,3,5,]
7-3-0.000000-[4,0,3,6,2,5,1,]
7-5-0.004000-[1,3,5,0,2,4,6,]
7-1-0.000000-[4,1,5,2,6,3,0,]
7-10-0.002000-[4,6,1,3,5,0,2,]
7-8-0.001000-[0,3,6,2,5,1,4,]
7-1-0.000000-[2,6,1,3,5,0,4,]
7-6-0.000000-[4,0,3,6,2,5,1,]
7-2-0.001000-[6,1,3,5,0,2,4,]
7-1-0.000000-[4,2,0,5,3,1,6,]
7-6-0.002000-[0,3,6,2,5,1,4,]
7-1-0.000000-[3,0,4,1,5,2,6,]
7-2-0.000000-[4,2,0,5,3,1,6,]
7-3-0.000000-[0,3,6,2,5,1,4,]
7-1-0.000000-[3,1,6,4,2,0,5,]
7-4-0.000000-[4,0,3,6,2,5,1,]
7-2-0.000000-[3,0,2,5,1,6,4,]
7-13-0.002000-[3,5,0,2,4,6,1,]
7-1-0.000000-[3,0,2,5,1,6,4,]
7-11-0.002000-[0,3,6,2,5,1,4,]
7-4-0.001000-[1,6,4,2,0,5,3,]
7-1-0.000000-[5,3,6,0,2,4,1,]
7-1-0.000000-[5,0,2,4,6,1,3,]
7-2-0.000000-[2,5,1,4,0,3,6,]
7-3-0.000000-[4,2,0,5,3,1,6,]
7-2-0.000000-[5,3,1,6,4,2,0,]
7-1-0.001000-[0,4,1,5,2,6,3,]
7-6-0.001000-[2,6,3,0,4,1,5,]
7-2-0.000000-[3,1,6,4,2,0,5,]
7-1-0.000000-[2,4,6,1,3,5,0,]
7-3-0.001000-[6,2,5,1,4,0,3,]
7-3-0.000000-[6,2,5,1,4,0,3,]
7-7-0.001000-[5,2,4,6,0,3,1,]
7-3-0.000000-[0,3,6,2,5,1,4,]
7-2-0.001000-[1,3,5,0,2,4,6,]
7-6-0.001000-[5,3,6,0,2,4,1,]
7-4-0.001000-[4,0,5,3,1,6,2,]
7-4-0.000000-[3,1,6,4,2,0,5,]
7-1-0.000000-[1,6,4,2,0,5,3,]
7-2-0.000000-[2,0,5,3,1,6,4,]
7-5-0.000000-[6,1,3,5,0,2,4,]
7-2-0.000000-[5,2,6,3,0,4,1,]
7-8-0.001000-[1,4,2,0,6,3,5,]
7-1-0.000000-[3,1,6,4,2,0,5,]
7-4-0.001000-[1,6,4,2,0,5,3,]
7-1-0.000000-[2,0,5,1,4,6,3,]
7-2-0.001000-[3,6,2,5,1,4,0,]
7-2-0.000000-[4,2,0,5,3,1,6,]
7-3-0.000000-[4,6,1,5,2,0,3,]
7-1-0.000000-[2,4,6,1,3,5,0,]
7-4-0.001000-[2,5,1,4,0,3,6,]
7-3-0.001000-[3,6,4,1,5,0,2,]
7-7-0.001000-[0,2,4,6,1,3,5,]
7-4-0.001000-[4,6,1,3,5,0,2,]
7-4-0.000000-[4,0,5,3,1,6,2,]
7-5-0.000000-[3,0,4,1,5,2,6,]
7-2-0.000000-[3,6,2,5,1,4,0,]
7-1-0.000000-[6,3,0,4,1,5,2,]
7-3-0.001000-[4,2,0,5,3,1,6,]
7-2-0.000000-[5,2,6,3,0,4,1,]
7-6-0.001000-[3,0,4,1,5,2,6,]
7-1-0.001000-[4,6,1,3,5,0,2,]
7-9-0.001000-[2,0,5,3,1,6,4,]
7-7-0.001000-[1,6,4,2,0,5,3,]
7-1-0.000000-[3,1,6,4,2,0,5,]
7-1-0.000000-[6,1,3,5,0,2,4,]
7-2-0.000000-[5,3,1,6,4,2,0,]
7-4-0.000000-[4,2,0,5,3,1,6,]
7-1-0.000000-[2,0,5,3,1,6,4,]
7-1-0.000000-[2,4,6,1,3,5,0,]
7-5-0.001000-[5,1,4,0,3,6,2,]
7-1-0.000000-[1,4,2,0,6,3,5,]
7-3-0.001000-[0,5,3,1,6,4,2,]
7-3-0.001000-[1,3,5,0,2,4,6,]
7-3-0.000000-[5,2,4,6,0,3,1,]
7-1-0.000000-[4,0,5,3,1,6,2,]
7-1-0.000000-[6,1,3,5,0,2,4,]
7-1-0.000000-[3,0,2,5,1,6,4,]
7-5-0.001000-[6,4,2,0,5,3,1,]
7-2-0.001000-[5,3,6,0,2,4,1,]
7-12-0.002000-[3,1,6,4,2,0,5,]
7-4-0.000000-[0,5,3,1,6,4,2,]
7-1-0.000000-[2,4,6,1,3,5,0,]
7-1-0.000000-[3,5,0,2,4,6,1,]
7-4-0.000000-[5,2,4,6,0,3,1,]
7-3-0.001000-[0,3,6,2,5,1,4,]
7-1-0.000000-[4,2,0,5,3,1,6,]
7-2-0.000000-[0,5,3,1,6,4,2,]
7-6-0.001000-[5,3,6,0,2,4,1,]
7-1-0.000000-[5,3,6,0,2,4,1,]
7-11-0.002000-[5,2,4,6,0,3,1,]
7-2-0.000000-[6,3,0,4,1,5,2,]
7-2-0.001000-[6,1,3,5,0,2,4,]
7-2-0.001000-[4,6,1,3,5,0,2,]
7-3-0.000000-[1,4,6,3,0,2,5,]
7-3-0.000000-[3,1,6,4,2,0,5,]
7-3-0.001000-[1,6,4,2,0,5,3,]
7-3-0.000000-[2,5,1,4,0,3,6,]
7-5-0.000000-[5,2,6,3,0,4,1,]
7-8-0.002000-[1,6,4,2,0,5,3,]
7-3-0.000000-[0,5,3,1,6,4,2,]
7-4-0.000000-[0,3,6,2,5,1,4,]
7-2-0.000000-[4,2,0,5,3,1,6,]
7-5-0.001000-[4,0,5,3,1,6,2,]
7-7-0.001000-[3,0,4,1,5,2,6,]
7-5-0.001000-[6,2,5,1,4,0,3,]
7-5-0.001000-[0,4,1,5,2,6,3,]
7-2-0.000000-[0,5,3,1,6,4,2,]
7-10-0.001000-[4,2,0,5,3,1,6,]
7-7-0.001000-[2,6,1,3,5,0,4,]
7-2-0.000000-[6,1,3,5,0,2,4,]
7-2-0.001000-[1,3,5,0,2,4,6,]
7-5-0.001000-[3,0,2,5,1,6,4,]
7-3-0.000000-[0,2,4,6,1,3,5,]
7-3-0.000000-[3,5,0,2,4,6,1,]
7-1-0.001000-[2,4,6,1,3,5,0,]
7-10-0.002000-[6,2,5,1,4,0,3,]
7-3-0.000000-[6,3,0,4,1,5,2,]
7-1-0.000000-[4,6,1,3,5,0,2,]
7-2-0.001000-[0,4,1,5,2,6,3,]
7-3-0.000000-[0,4,1,5,2,6,3,]
7-10-0.001000-[4,6,1,3,5,0,2,]
7-7-0.001000-[0,4,1,5,2,6,3,]
7-2-0.001000-[0,4,1,5,2,6,3,]
7-1-0.000000-[1,3,5,0,2,4,6,]
7-14-0.003000-[6,1,3,5,0,2,4,]
7-6-0.001000-[1,5,2,6,3,0,4,]
7-1-0.000000-[4,0,5,3,1,6,2,]
7-2-0.000000-[5,0,2,4,6,1,3,]
7-2-0.000000-[3,6,4,1,5,0,2,]
7-8-0.001000-[2,4,6,1,3,5,0,]
7-1-0.000000-[3,1,6,4,2,0,5,]
7-16-0.003000-[0,5,3,1,6,4,2,]
7-4-0.000000-[1,3,5,0,2,4,6,]
7-1-0.000000-[0,3,6,2,5,1,4,]
7-3-0.001000-[2,6,3,0,4,1,5,]
7-4-0.000000-[2,6,1,3,5,0,4,]
7-10-0.001000-[2,5,1,4,0,3,6,]
7-6-0.001000-[1,4,2,0,6,3,5,]
7-3-0.000000-[3,1,6,4,2,0,5,]
7-1-0.000000-[0,5,3,1,6,4,2,]
7-1-0.000000-[2,0,5,3,1,6,4,]
7-3-0.000000-[5,2,4,6,0,3,1,]
7-6-0.001000-[4,2,0,5,3,1,6,]
7-2-0.000000-[3,6,4,1,5,0,2,]
7-2-0.000000-[4,2,0,5,3,1,6,]
7-1-0.001000-[3,0,2,5,1,6,4,]
7-1-0.000000-[4,0,3,6,2,5,1,]
7-5-0.001000-[1,4,2,0,6,3,5,]
7-5-0.001000-[2,0,5,1,4,6,3,]
7-6-0.001000-[3,1,6,4,2,0,5,]
7-1-0.001000-[4,6,1,5,2,0,3,]
7-6-0.000000-[2,5,1,4,0,3,6,]
7-4-0.000000-[6,3,0,4,1,5,2,]
7-3-0.000000-[0,5,3,1,6,4,2,]
7-10-0.002000-[4,0,5,3,1,6,2,]
7-8-0.002000-[4,6,1,5,2,0,3,]
7-1-0.000000-[3,5,0,2,4,6,1,]
7-6-0.000000-[4,0,5,3,1,6,2,]
7-2-0.000000-[3,0,4,1,5,2,6,]
7-3-0.001000-[5,2,0,3,6,4,1,]
7-7-0.001000-[6,1,3,5,0,2,4,]
7-1-0.000000-[1,3,0,6,4,2,5,]
7-3-0.000000-[5,2,4,6,0,3,1,]
7-1-0.000000-[6,4,2,0,5,3,1,]
7-11-0.002000-[2,0,5,1,4,6,3,]
7-7-0.001000-[3,1,6,4,2,0,5,]
7-1-0.000000-[4,6,1,5,2,0,3,]
7-2-0.000000-[2,5,1,4,0,3,6,]
7-1-0.001000-[6,2,5,1,4,0,3,]
7-2-0.000000-[4,1,5,2,6,3,0,]
7-2-0.001000-[5,2,6,3,0,4,1,]
7-2-0.000000-[5,2,6,3,0,4,1,]
7-7-0.001000-[3,0,4,1,5,2,6,]
7-2-0.000000-[1,3,0,6,4,2,5,]
7-2-0.000000-[4,0,5,3,1,6,2,]
7-2-0.000000-[0,5,3,1,6,4,2,]
7-3-0.000000-[1,5,2,6,3,0,4,]
7-7-0.001000-[0,3,6,2,5,1,4,]
7-1-0.001000-[2,0,5,3,1,6,4,]
7-2-0.000000-[5,2,0,3,6,4,1,]
7-1-0.000000-[1,3,0,6,4,2,5,]
7-1-0.000000-[5,3,1,6,4,2,0,]
7-15-0.002000-[3,0,2,5,1,6,4,]
7-1-0.000000-[3,6,4,1,5,0,2,]
7-2-0.001000-[3,1,6,4,2,0,5,]
7-1-0.000000-[6,3,0,4,1,5,2,]
7-4-0.000000-[5,1,4,0,3,6,2,]
7-8-0.001000-[2,4,6,1,3,5,0,]
7-7-0.001000-[1,5,2,6,3,0,4,]
7-3-0.000000-[0,5,3,1,6,4,2,]
7-11-0.002000-[1,5,2,6,3,0,4,]
7-5-0.000000-[0,5,3,1,6,4,2,]
7-2-0.000000-[1,3,5,0,2,4,6,]
7-4-0.001000-[5,3,6,0,2,4,1,]
7-1-0.000000-[4,0,3,6,2,5,1,]
7-3-0.001000-[5,3,6,0,2,4,1,]
7-3-0.001000-[3,1,6,4,2,0,5,]
7-2-0.000000-[4,1,5,2,6,3,0,]
7-5-0.001000-[1,3,0,6,4,2,5,]
7-3-0.000000-[4,0,5,3,1,6,2,]
7-5-0.000000-[5,2,4,6,0,3,1,]
7-5-0.000000-[4,0,3,6,2,5,1,]
7-1-0.000000-[5,3,1,6,4,2,0,]
7-3-0.001000-[4,6,1,5,2,0,3,]
7-11-0.001000-[0,3,6,2,5,1,4,]
7-10-0.001000-[0,4,1,5,2,6,3,]
7-2-0.000000-[2,6,3,0,4,1,5,]
7-8-0.001000-[6,3,0,4,1,5,2,]
7-2-0.000000-[0,2,4,6,1,3,5,]
7-5-0.001000-[0,4,1,5,2,6,3,]
7-7-0.001000-[6,1,3,5,0,2,4,]
7-10-0.002000-[6,1,3,5,0,2,4,]
7-1-0.000000-[1,3,0,6,4,2,5,]
7-6-0.001000-[3,6,2,5,1,4,0,]
7-5-0.000000-[3,0,2,5,1,6,4,]
7-2-0.001000-[0,3,6,2,5,1,4,]
7-9-0.001000-[1,5,2,6,3,0,4,]
7-1-0.000000-[4,6,1,5,2,0,3,]
7-2-0.001000-[0,2,4,6,1,3,5,]
7-12-0.002000-[1,6,4,2,0,5,3,]
7-8-0.001000-[4,6,1,3,5,0,2,]
7-1-0.000000-[2,6,1,3,5,0,4,]
7-2-0.000000-[3,0,4,1,5,2,6,]
7-6-0.001000-[6,2,5,1,4,0,3,]
7-1-0.000000-[5,2,0,3,6,4,1,]
7-2-0.000000-[6,4,2,0,5,3,1,]
7-5-0.001000-[3,0,2,5,1,6,4,]
7-9-0.001000-[0,2,4,6,1,3,5,]
7-2-0.001000-[5,3,6,0,2,4,1,]
7-2-0.000000-[0,2,4,6,1,3,5,]
7-1-0.000000-[0,5,3,1,6,4,2,]
7-5-0.001000-[4,2,0,5,3,1,6,]
7-4-0.000000-[4,2,0,5,3,1,6,]
7-1-0.000000-[6,2,5,1,4,0,3,]
7-1-0.000000-[6,4,2,0,5,3,1,]
7-6-0.001000-[4,6,1,5,2,0,3,]
7-1-0.000000-[5,3,6,0,2,4,1,]
7-3-0.000000-[0,3,6,2,5,1,4,]
7-17-0.003000-[4,6,1,5,2,0,3,]
7-3-0.001000-[1,3,0,6,4,2,5,]
7-3-0.001000-[1,3,5,0,2,4,6,]
7-4-0.000000-[2,5,1,4,0,3,6,]
7-3-0.000000-[3,6,4,1,5,0,2,]
7-6-0.001000-[4,0,5,3,1,6,2,]
7-1-0.000000-[2,0,5,3,1,6,4,]
7-2-0.000000-[4,6,1,3,5,0,2,]
7-5-0.001000-[0,2,4,6,1,3,5,]
7-1-0.000000-[1,6,4,2,0,5,3,]
7-4-0.001000-[1,3,0,6,4,2,5,]
7-3-0.000000-[2,0,5,3,1,6,4,]
7-7-0.001000-[4,6,1,3,5,0,2,]
7-1-0.000000-[6,4,2,0,5,3,1,]
7-2-0.000000-[4,6,1,3,5,0,2,]
7-3-0.000000-[5,0,2,4,6,1,3,]
7-2-0.001000-[0,3,6,2,5,1,4,]
7-3-0.000000-[2,0,5,1,4,6,3,]
7-8-0.001000-[3,6,4,1,5,0,2,]
7-1-0.000000-[1,4,6,3,0,2,5,]
7-12-0.001000-[3,6,2,5,1,4,0,]
7-2-0.000000-[2,0,5,1,4,6,3,]
7-2-0.000000-[5,0,2,4,6,1,3,]
7-1-0.000000-[4,2,0,5,3,1,6,]
7-1-0.000000-[5,3,6,0,2,4,1,]
7-1-0.000000-[1,4,6,3,0,2,5,]
7-2-0.000000-[4,2,0,5,3,1,6,]
7-1-0.000000-[4,0,3,6,2,5,1,]
7-2-0.001000-[3,0,2,5,1,6,4,]
7-1-0.000000-[1,4,0,3,6,2,5,]
7-2-0.000000-[6,3,0,4,1,5,2,]
7-8-0.000000-[2,5,1,4,0,3,6,]
7-7-0.001000-[2,0,5,3,1,6,4,]
7-2-0.000000-[6,4,2,0,5,3,1,]
7-2-0.000000-[4,6,1,3,5,0,2,]
7-1-0.000000-[5,2,4,6,0,3,1,]
7-2-0.000000-[1,5,2,6,3,0,4,]
7-1-0.001000-[3,5,0,2,4,6,1,]
7-11-0.001000-[5,0,2,4,6,1,3,]
7-2-0.000000-[6,1,3,5,0,2,4,]
7-1-0.000000-[6,4,2,0,5,3,1,]
7-12-0.002000-[3,0,2,5,1,6,4,]
7-1-0.000000-[2,4,6,1,3,5,0,]
7-3-0.001000-[5,2,4,6,0,3,1,]
7-6-0.001000-[5,0,2,4,6,1,3,]
7-7-0.001000-[4,0,3,6,2,5,1,]
7-1-0.000000-[5,1,4,0,3,6,2,]
7-7-0.001000-[6,1,3,5,0,2,4,]
7-9-0.001000-[4,0,3,6,2,5,1,]
7-2-0.000000-[2,5,1,4,0,3,6,]
7-6-0.000000-[5,2,0,3,6,4,1,]
7-4-0.000000-[3,0,4,1,5,2,6,]
7-5-0.001000-[1,6,4,2,0,5,3,]
7-4-0.001000-[1,4,6,3,0,2,5,]
7-4-0.001000-[3,6,2,5,1,4,0,]
7-10-0.001000-[0,3,6,2,5,1,4,]
7-2-0.000000-[3,0,4,1,5,2,6,]
7-6-0.000000-[1,4,6,3,0,2,5,]
7-1-0.000000-[1,4,2,0,6,3,5,]
7-1-0.000000-[1,4,0,3,6,2,5,]
7-2-0.000000-[2,5,1,4,0,3,6,]
7-2-0.000000-[1,6,4,2,0,5,3,]
7-1-0.000000-[3,6,4,1,5,0,2,]
7-2-0.000000-[5,3,6,0,2,4,1,]
7-1-0.000000-[6,2,5,1,4,0,3,]
7-8-0.002000-[1,3,5,0,2,4,6,]
7-1-0.000000-[5,3,1,6,4,2,0,]
7-1-0.000000-[6,4,2,0,5,3,1,]
7-7-0.001000-[5,3,1,6,4,2,0,]
7-8-0.002000-[3,5,0,2,4,6,1,]
7-1-0.000000-[4,2,0,5,3,1,6,]
7-1-0.001000-[4,6,1,5,2,0,3,]
7-1-0.000000-[6,3,0,4,1,5,2,]
7-3-0.001000-[5,2,6,3,0,4,1,]
7-9-0.002000-[3,6,4,1,5,0,2,]
7-11-0.001000-[4,6,1,3,5,0,2,]
7-5-0.000000-[2,0,5,3,1,6,4,]
7-3-0.000000-[3,0,4,1,5,2,6,]
7-8-0.001000-[3,0,2,5,1,6,4,]
7-6-0.001000-[3,1,6,4,2,0,5,]
7-2-0.000000-[3,0,2,5,1,6,4,]
7-7-0.001000-[6,4,2,0,5,3,1,]
7-9-0.001000-[2,5,1,4,0,3,6,]
7-3-0.000000-[1,6,4,2,0,5,3,]
7-2-0.001000-[2,4,6,1,3,5,0,]
7-4-0.001000-[4,1,5,2,6,3,0,]
7-5-0.000000-[5,0,2,4,6,1,3,]
7-4-0.000000-[6,4,2,0,5,3,1,]
7-1-0.000000-[2,0,5,1,4,6,3,]
7-4-0.000000-[5,2,6,3,0,4,1,]
7-1-0.000000-[6,4,2,0,5,3,1,]
7-2-0.000000-[0,2,4,6,1,3,5,]
7-10-0.001000-[1,3,0,6,4,2,5,]
7-1-0.000000-[6,2,5,1,4,0,3,]
7-4-0.000000-[5,2,4,6,0,3,1,]
7-3-0.001000-[4,6,1,5,2,0,3,]
7-7-0.001000-[4,6,1,5,2,0,3,]
7-2-0.000000-[5,0,2,4,6,1,3,]
7-10-0.001000-[3,6,2,5,1,4,0,]
7-2-0.000000-[1,5,2,6,3,0,4,]
7-2-0.001000-[6,4,2,0,5,3,1,]
7-5-0.001000-[2,0,5,3,1,6,4,]
7-1-0.000000-[1,5,2,6,3,0,4,]
7-3-0.001000-[3,5,0,2,4,6,1,]
7-2-0.000000-[5,1,4,0,3,6,2,]
7-3-0.000000-[5,3,1,6,4,2,0,]
7-1-0.000000-[4,2,0,5,3,1,6,]
7-3-0.000000-[1,6,4,2,0,5,3,]
7-3-0.001000-[5,1,4,0,3,6,2,]
7-4-0.000000-[2,6,1,3,5,0,4,]
7-9-0.001000-[5,1,4,0,3,6,2,]
7-4-0.000000-[1,6,4,2,0,5,3,]
7-1-0.000000-[2,4,6,1,3,5,0,]
7-1-0.000000-[0,2,4,6,1,3,5,]
7-1-0.000000-[1,3,0,6,4,2,5,]
7-7-0.000000-[5,0,2,4,6,1,3,]
7-4-0.000000-[1,4,2,0,6,3,5,]
7-3-0.001000-[3,0,2,5,1,6,4,]
7-7-0.001000-[0,3,6,2,5,1,4,]
7-4-0.001000-[2,4,6,1,3,5,0,]
7-5-0.001000-[3,6,2,5,1,4,0,]
7-1-0.000000-[0,5,3,1,6,4,2,]
7-6-0.001000-[0,5,3,1,6,4,2,]
7-2-0.000000-[2,6,3,0,4,1,5,]
7-1-0.000000-[4,2,0,5,3,1,6,]
7-2-0.000000-[2,6,3,0,4,1,5,]
7-1-0.001000-[4,1,5,2,6,3,0,]
7-9-0.001000-[4,6,1,5,2,0,3,]
7-5-0.001000-[6,4,2,0,5,3,1,]
7-5-0.001000-[2,4,6,1,3,5,0,]
7-3-0.000000-[6,2,5,1,4,0,3,]
7-4-0.000000-[3,1,6,4,2,0,5,]
7-8-0.001000-[5,3,6,0,2,4,1,]
7-2-0.001000-[4,1,5,2,6,3,0,]
7-1-0.000000-[0,2,4,6,1,3,5,]
7-19-0.002000-[0,5,3,1,6,4,2,]
7-1-0.000000-[2,0,5,1,4,6,3,]
7-4-0.000000-[0,4,1,5,2,6,3,]
7-7-0.001000-[1,4,2,0,6,3,5,]
7-2-0.000000-[3,0,2,5,1,6,4,]
7-1-0.000000-[2,6,3,0,4,1,5,]
7-1-0.000000-[5,3,6,0,2,4,1,]
7-8-0.001000-[3,6,4,1,5,0,2,]
7-1-0.000000-[6,4,2,0,5,3,1,]
7-7-0.001000-[3,1,6,4,2,0,5,]
7-5-0.001000-[1,4,2,0,6,3,5,]
7-5-0.000000-[0,2,4,6,1,3,5,]
7-2-0.000000-[4,0,5,3,1,6,2,]
7-3-0.001000-[5,1,4,0,3,6,2,]
7-2-0.000000-[2,0,5,3,1,6,4,]
7-2-0.001000-[2,4,6,1,3,5,0,]
7-4-0.001000-[4,0,3,6,2,5,1,]
7-4-0.000000-[4,1,5,2,6,3,0,]
7-4-0.000000-[0,4,1,5,2,6,3,]
7-1-0.001000-[2,4,6,1,3,5,0,]
7-6-0.001000-[5,2,4,6,0,3,1,]
7-1-0.001000-[3,0,2,5,1,6,4,]
7-5-0.001000-[3,0,2,5,1,6,4,]
7-3-0.000000-[1,3,5,0,2,4,6,]
7-2-0.000000-[6,3,0,4,1,5,2,]
7-2-0.000000-[5,2,4,6,0,3,1,]
7-8-0.001000-[1,5,2,6,3,0,4,]
7-23-0.003000-[6,3,0,4,1,5,2,]
7-3-0.000000-[1,3,0,6,4,2,5,]
7-3-0.000000-[5,2,6,3,0,4,1,]
7-6-0.001000-[2,0,5,1,4,6,3,]
7-2-0.001000-[1,3,5,0,2,4,6,]
7-3-0.000000-[2,6,1,3,5,0,4,]
7-5-0.001000-[1,4,2,0,6,3,5,]
7-1-0.000000-[1,6,4,2,0,5,3,]
7-5-0.001000-[4,6,1,5,2,0,3,]
7-9-0.001000-[5,2,4,6,0,3,1,]
7-10-0.001000-[6,1,3,5,0,2,4,]
7-10-0.001000-[1,4,2,0,6,3,5,]
7-2-0.000000-[3,0,2,5,1,6,4,]
7-1-0.000000-[4,1,5,2,6,3,0,]
7-1-0.000000-[6,3,0,4,1,5,2,]
7-10-0.001000-[5,1,4,0,3,6,2,]
7-4-0.001000-[3,1,6,4,2,0,5,]
7-3-0.000000-[4,6,1,3,5,0,2,]
7-1-0.001000-[4,6,1,5,2,0,3,]
7-2-0.000000-[5,0,2,4,6,1,3,]
7-5-0.001000-[3,6,2,5,1,4,0,]
7-2-0.000000-[1,4,0,3,6,2,5,]
7-17-0.002000-[0,2,4,6,1,3,5,]
7-3-0.000000-[5,2,4,6,0,3,1,]
7-4-0.000000-[5,2,6,3,0,4,1,]
7-1-0.001000-[1,4,2,0,6,3,5,]
7-5-0.001000-[1,4,0,3,6,2,5,]
7-3-0.000000-[3,6,4,1,5,0,2,]
7-6-0.000000-[6,1,3,5,0,2,4,]
7-1-0.000000-[2,0,5,3,1,6,4,]
7-5-0.001000-[4,1,5,2,6,3,0,]
7-1-0.000000-[3,6,4,1,5,0,2,]
7-1-0.000000-[2,6,3,0,4,1,5,]
7-6-0.001000-[0,3,6,2,5,1,4,]
7-4-0.001000-[6,3,0,4,1,5,2,]
7-1-0.000000-[5,2,6,3,0,4,1,]
7-1-0.000000-[0,5,3,1,6,4,2,]
7-1-0.000000-[3,6,4,1,5,0,2,]
7-9-0.001000-[2,6,3,0,4,1,5,]
7-13-0.001000-[2,4,6,1,3,5,0,]
7-1-0.001000-[2,5,1,4,0,3,6,]
7-1-0.000000-[1,3,0,6,4,2,5,]
7-8-0.001000-[0,3,6,2,5,1,4,]
7-3-0.001000-[6,1,3,5,0,2,4,]
7-2-0.000000-[0,2,4,6,1,3,5,]
7-1-0.001000-[2,4,6,1,3,5,0,]
7-3-0.000000-[6,2,5,1,4,0,3,]
7-13-0.002000-[3,1,6,4,2,0,5,]
7-5-0.000000-[5,0,2,4,6,1,3,]
7-1-0.000000-[2,5,1,4,0,3,6,]
7-1-0.000000-[2,5,1,4,0,3,6,]
7-2-0.001000-[1,4,2,0,6,3,5,]
7-12-0.001000-[5,2,0,3,6,4,1,]
7-1-0.000000-[5,1,4,0,3,6,2,]
7-1-0.000000-[6,4,2,0,5,3,1,]
7-4-0.000000-[5,1,4,0,3,6,2,]
7-2-0.001000-[5,3,6,0,2,4,1,]
7-2-0.000000-[4,6,1,3,5,0,2,]
7-1-0.000000-[5,2,0,3,6,4,1,]
7-6-0.001000-[2,4,6,1,3,5,0,]
7-4-0.000000-[6,1,3,5,0,2,4,]
7-2-0.000000-[6,3,0,4,1,5,2,]
7-6-0.001000-[5,2,6,3,0,4,1,]
7-2-0.000000-[2,0,5,1,4,6,3,]
7-4-0.000000-[5,2,0,3,6,4,1,]
7-2-0.000000-[3,1,6,4,2,0,5,]
7-10-0.001000-[4,2,0,5,3,1,6,]
7-2-0.001000-[1,4,6,3,0,2,5,]
7-4-0.001000-[4,6,1,3,5,0,2,]
7-2-0.000000-[4,2,0,5,3,1,6,]
7-2-0.000000-[3,1,6,4,2,0,5,]
7-1-0.000000-[1,3,5,0,2,4,6,]
7-3-0.002000-[4,0,3,6,2,5,1,]
7-1-0.001000-[1,3,5,0,2,4,6,]
7-1-0.001000-[4,0,3,6,2,5,1,]
7-1-0.000000-[1,4,0,3,6,2,5,]
7-5-0.001000-[2,5,1,4,0,3,6,]
7-3-0.001000-[3,5,0,2,4,6,1,]
7-3-0.000000-[3,0,4,1,5,2,6,]
7-1-0.001000-[3,6,2,5,1,4,0,]
7-1-0.000000-[5,3,1,6,4,2,0,]
7-5-0.002000-[2,6,1,3,5,0,4,]
7-1-0.000000-[5,1,4,0,3,6,2,]
7-1-0.000000-[6,3,0,4,1,5,2,]
7-3-0.001000-[2,0,5,1,4,6,3,]
7-1-0.000000-[6,1,3,5,0,2,4,]
7-4-0.001000-[4,6,1,3,5,0,2,]
7-1-0.000000-[4,2,0,5,3,1,6,]
7-7-0.002000-[5,1,4,0,3,6,2,]
7-2-0.000000-[0,2,4,6,1,3,5,]
7-6-0.002000-[3,1,6,4,2,0,5,]
7-8-0.003000-[2,6,1,3,5,0,4,]
7-2-0.001000-[6,3,0,4,1,5,2,]
7-4-0.002000-[3,5,0,2,4,6,1,]
7-5-0.001000-[3,5,0,2,4,6,1,]
7-3-0.000000-[1,3,0,6,4,2,5,]
7-4-0.000000-[5,3,1,6,4,2,0,]
7-2-0.001000-[5,0,2,4,6,1,3,]
7-2-0.000000-[2,4,6,1,3,5,0,]
7-2-0.001000-[2,0,5,1,4,6,3,]
7-1-0.000000-[0,5,3,1,6,4,2,]
7-9-0.001000-[1,6,4,2,0,5,3,]
7-23-0.003000-[1,3,5,0,2,4,6,]
7-8-0.001000-[4,2,0,5,3,1,6,]
7-3-0.001000-[1,4,0,3,6,2,5,]
7-2-0.001000-[4,6,1,5,2,0,3,]
7-2-0.000000-[2,4,6,1,3,5,0,]
7-1-0.000000-[4,1,5,2,6,3,0,]
7-4-0.001000-[6,1,3,5,0,2,4,]
7-3-0.001000-[5,0,2,4,6,1,3,]
7-2-0.000000-[2,6,3,0,4,1,5,]
7-2-0.000000-[5,3,6,0,2,4,1,]
7-8-0.001000-[3,6,2,5,1,4,0,]
7-1-0.000000-[2,0,5,3,1,6,4,]
7-2-0.000000-[4,2,0,5,3,1,6,]
7-3-0.001000-[2,5,1,4,0,3,6,]
7-1-0.000000-[3,6,2,5,1,4,0,]
7-4-0.001000-[5,2,4,6,0,3,1,]
7-1-0.000000-[6,3,0,4,1,5,2,]
7-1-0.000000-[2,0,5,3,1,6,4,]
7-2-0.001000-[4,6,1,5,2,0,3,]
7-2-0.000000-[6,4,2,0,5,3,1,]
7-7-0.001000-[4,2,0,5,3,1,6,]
7-8-0.001000-[2,6,1,3,5,0,4,]
7-4-0.001000-[6,4,2,0,5,3,1,]
7-2-0.000000-[6,1,3,5,0,2,4,]
7-1-0.000000-[3,6,4,1,5,0,2,]
7-1-0.000000-[4,0,3,6,2,5,1,]
7-12-0.002000-[5,1,4,0,3,6,2,]
7-2-0.000000-[5,3,1,6,4,2,0,]
7-7-0.001000-[1,4,2,0,6,3,5,]
7-1-0.000000-[3,0,2,5,1,6,4,]
7-8-0.002000-[0,3,6,2,5,1,4,]
7-6-0.001000-[1,5,2,6,3,0,4,]
7-1-0.000000-[1,4,2,0,6,3,5,]
7-5-0.000000-[6,3,0,4,1,5,2,]
7-2-0.000000-[1,4,2,0,6,3,5,]
7-2-0.000000-[5,0,2,4,6,1,3,]
7-4-0.000000-[1,4,2,0,6,3,5,]
7-3-0.001000-[2,0,5,1,4,6,3,]
7-4-0.001000-[6,3,0,4,1,5,2,]
7-2-0.000000-[4,2,0,5,3,1,6,]
7-8-0.001000-[1,3,0,6,4,2,5,]
7-2-0.001000-[5,2,6,3,0,4,1,]
7-5-0.001000-[2,0,5,3,1,6,4,]
7-6-0.001000-[5,3,1,6,4,2,0,]
7-4-0.001000-[2,5,1,4,0,3,6,]
7-3-0.000000-[4,0,5,3,1,6,2,]
7-1-0.000000-[3,0,4,1,5,2,6,]
7-15-0.002000-[2,0,5,3,1,6,4,]
7-3-0.001000-[3,1,6,4,2,0,5,]
7-9-0.001000-[1,4,2,0,6,3,5,]
7-3-0.001000-[1,4,0,3,6,2,5,]
7-5-0.000000-[5,2,0,3,6,4,1,]
7-6-0.001000-[0,3,6,2,5,1,4,]
7-4-0.001000-[1,3,5,0,2,4,6,]
7-6-0.001000-[3,1,6,4,2,0,5,]
7-1-0.000000-[3,0,4,1,5,2,6,]
7-2-0.000000-[0,4,1,5,2,6,3,]
7-4-0.001000-[6,3,0,4,1,5,2,]
7-4-0.001000-[2,0,5,1,4,6,3,]
7-2-0.001000-[2,6,3,0,4,1,5,]
7-1-0.000000-[2,5,1,4,0,3,6,]
7-6-0.001000-[4,2,0,5,3,1,6,]
7-2-0.000000-[3,0,2,5,1,6,4,]
7-7-0.000000-[1,3,0,6,4,2,5,]
7-3-0.000000-[5,3,6,0,2,4,1,]
7-4-0.001000-[3,0,4,1,5,2,6,]
7-4-0.001000-[0,4,1,5,2,6,3,]
7-3-0.000000-[3,5,0,2,4,6,1,]
7-2-0.001000-[0,5,3,1,6,4,2,]
7-3-0.001000-[4,1,5,2,6,3,0,]
7-1-0.000000-[3,5,0,2,4,6,1,]
7-1-0.001000-[0,3,6,2,5,1,4,]
7-2-0.000000-[1,3,5,0,2,4,6,]
7-1-0.001000-[6,3,0,4,1,5,2,]
7-3-0.001000-[5,3,1,6,4,2,0,]
7-6-0.001000-[1,4,6,3,0,2,5,]
7-5-0.001000-[4,6,1,5,2,0,3,]
7-1-0.000000-[1,6,4,2,0,5,3,]
7-2-0.000000-[4,1,5,2,6,3,0,]
7-2-0.001000-[3,1,6,4,2,0,5,]
7-1-0.000000-[4,2,0,5,3,1,6,]
7-2-0.000000-[1,3,0,6,4,2,5,]
7-2-0.000000-[0,5,3,1,6,4,2,]
7-1-0.000000-[5,2,4,6,0,3,1,]
7-6-0.001000-[6,3,0,4,1,5,2,]
7-1-0.000000-[1,4,2,0,6,3,5,]
7-3-0.001000-[6,3,0,4,1,5,2,]
7-8-0.001000-[3,0,4,1,5,2,6,]
7-1-0.000000-[2,6,3,0,4,1,5,]
7-1-0.001000-[1,5,2,6,3,0,4,]
7-1-0.000000-[4,2,0,5,3,1,6,]
7-5-0.001000-[1,3,0,6,4,2,5,]
7-1-0.000000-[6,3,0,4,1,5,2,]
7-3-0.001000-[3,6,2,5,1,4,0,]
7-3-0.001000-[3,0,4,1,5,2,6,]
7-2-0.000000-[3,6,4,1,5,0,2,]
7-11-0.002000-[3,5,0,2,4,6,1,]
7-9-0.001000-[3,0,4,1,5,2,6,]
7-3-0.000000-[6,1,3,5,0,2,4,]
7-10-0.001000-[5,0,2,4,6,1,3,]
7-6-0.001000-[3,0,2,5,1,6,4,]
7-10-0.001000-[2,6,1,3,5,0,4,]
7-1-0.000000-[6,3,0,4,1,5,2,]
7-2-0.000000-[5,2,0,3,6,4,1,]
7-5-0.000000-[5,2,6,3,0,4,1,]
7-2-0.000000-[2,0,5,1,4,6,3,]
7-1-0.001000-[5,0,2,4,6,1,3,]
7-3-0.000000-[5,3,6,0,2,4,1,]
7-1-0.000000-[0,2,4,6,1,3,5,]
7-1-0.000000-[6,3,0,4,1,5,2,]
7-2-0.001000-[6,3,0,4,1,5,2,]
7-2-0.000000-[2,6,1,3,5,0,4,]
7-4-0.000000-[3,1,6,4,2,0,5,]
7-1-0.000000-[1,4,6,3,0,2,5,]
7-2-0.000000-[2,5,1,4,0,3,6,]
7-1-0.000000-[3,0,2,5,1,6,4,]
7-2-0.000000-[4,6,1,5,2,0,3,]
7-4-0.001000-[6,3,0,4,1,5,2,]
7-3-0.000000-[3,6,2,5,1,4,0,]
7-2-0.000000-[1,3,0,6,4,2,5,]
7-1-0.000000-[1,6,4,2,0,5,3,]
7-5-0.001000-[3,0,4,1,5,2,6,]
7-2-0.000000-[1,5,2,6,3,0,4,]
7-1-0.001000-[1,3,5,0,2,4,6,]
7-12-0.001000-[1,5,2,6,3,0,4,]
7-1-0.000000-[3,6,4,1,5,0,2,]
7-4-0.001000-[1,6,4,2,0,5,3,]
7-3-0.000000-[3,6,2,5,1,4,0,]
7-2-0.000000-[3,1,6,4,2,0,5,]
7-5-0.001000-[2,0,5,3,1,6,4,]
7-2-0.000000-[4,6,1,5,2,0,3,]
7-5-0.001000-[2,4,6,1,3,5,0,]
7-3-0.001000-[6,3,0,4,1,5,2,]
7-5-0.000000-[5,2,4,6,0,3,1,]
7-1-0.000000-[4,2,0,5,3,1,6,]
7-2-0.000000-[5,3,1,6,4,2,0,]
7-2-0.001000-[3,0,2,5,1,6,4,]
7-3-0.000000-[1,3,0,6,4,2,5,]
7-4-0.000000-[5,3,6,0,2,4,1,]
7-2-0.000000-[1,4,6,3,0,2,5,]
7-4-0.000000-[6,3,0,4,1,5,2,]
7-10-0.001000-[4,6,1,5,2,0,3,]
7-9-0.001000-[5,3,6,0,2,4,1,]
7-9-0.001000-[4,6,1,5,2,0,3,]
7-9-0.002000-[6,3,0,4,1,5,2,]
7-9-0.001000-[1,4,6,3,0,2,5,]
7-3-0.000000-[4,2,0,5,3,1,6,]
7-1-0.000000-[2,0,5,3,1,6,4,]
7-4-0.000000-[1,4,6,3,0,2,5,]
7-1-0.000000-[1,4,0,3,6,2,5,]
7-1-0.000000-[3,5,0,2,4,6,1,]
7-2-0.001000-[6,3,0,4,1,5,2,]
7-11-0.001000-[5,2,6,3,0,4,1,]
7-1-0.000000-[5,0,2,4,6,1,3,]
7-1-0.000000-[3,6,4,1,5,0,2,]
7-3-0.001000-[1,4,0,3,6,2,5,]
7-1-0.000000-[3,0,2,5,1,6,4,]
7-9-0.001000-[3,6,2,5,1,4,0,]
7-2-0.000000-[0,3,6,2,5,1,4,]
7-5-0.000000-[1,4,0,3,6,2,5,]
7-6-0.000000-[0,5,3,1,6,4,2,]
7-2-0.000000-[6,4,2,0,5,3,1,]
7-4-0.001000-[2,0,5,1,4,6,3,]
7-1-0.000000-[2,4,6,1,3,5,0,]
7-2-0.000000-[1,3,5,0,2,4,6,]
7-4-0.001000-[3,0,2,5,1,6,4,]
7-3-0.001000-[1,4,0,3,6,2,5,]
7-1-0.000000-[1,3,5,0,2,4,6,]
7-3-0.001000-[1,3,5,0,2,4,6,]
7-3-0.001000-[2,6,1,3,5,0,4,]
7-3-0.000000-[5,2,0,3,6,4,1,]
7-6-0.001000-[4,1,5,2,6,3,0,]
7-5-0.000000-[4,6,1,5,2,0,3,]
7-5-0.001000-[5,3,1,6,4,2,0,]
7-6-0.001000-[1,4,6,3,0,2,5,]
7-3-0.001000-[6,3,0,4,1,5,2,]
7-1-0.000000-[3,0,4,1,5,2,6,]
7-7-0.001000-[4,6,1,5,2,0,3,]
7-1-0.000000-[5,0,2,4,6,1,3,]
7-3-0.001000-[3,5,0,2,4,6,1,]
7-2-0.001000-[1,4,2,0,6,3,5,]
7-1-0.000000-[2,0,5,1,4,6,3,]
7-3-0.001000-[4,0,3,6,2,5,1,]
7-1-0.000000-[6,4,2,0,5,3,1,]
7-6-0.000000-[4,1,5,2,6,3,0,]
7-2-0.000000-[2,6,3,0,4,1,5,]
7-6-0.001000-[1,6,4,2,0,5,3,]
7-5-0.000000-[1,3,0,6,4,2,5,]
7-4-0.001000-[0,3,6,2,5,1,4,]
7-1-0.001000-[1,4,6,3,0,2,5,]
7-1-0.000000-[5,3,6,0,2,4,1,]
7-8-0.001000-[4,1,5,2,6,3,0,]
7-2-0.000000-[1,6,4,2,0,5,3,]
7-2-0.001000-[4,1,5,2,6,3,0,]
7-8-0.001000-[5,3,6,0,2,4,1,]
7-3-0.000000-[1,6,4,2,0,5,3,]
7-4-0.000000-[4,2,0,5,3,1,6,]
7-1-0.001000-[2,5,1,4,0,3,6,]
7-6-0.001000-[1,3,0,6,4,2,5,]
7-13-0.001000-[0,4,1,5,2,6,3,]
7-2-0.000000-[1,4,2,0,6,3,5,]
7-7-0.001000-[5,3,6,0,2,4,1,]
7-1-0.000000-[0,2,4,6,1,3,5,]
7-3-0.000000-[0,5,3,1,6,4,2,]
7-5-0.001000-[6,1,3,5,0,2,4,]
7-6-0.001000-[3,0,4,1,5,2,6,]
7-7-0.001000-[2,0,5,3,1,6,4,]
7-4-0.001000-[2,6,1,3,5,0,4,]
7-6-0.001000-[4,0,5,3,1,6,2,]
7-3-0.001000-[2,4,6,1,3,5,0,]
7-3-0.001000-[1,5,2,6,3,0,4,]
7-1-0.000000-[0,3,6,2,5,1,4,]
7-5-0.000000-[1,3,0,6,4,2,5,]
7-2-0.000000-[1,3,5,0,2,4,6,]
7-2-0.001000-[2,5,1,4,0,3,6,]
7-4-0.001000-[0,2,4,6,1,3,5,]
7-1-0.000000-[3,0,2,5,1,6,4,]
7-1-0.000000-[3,0,2,5,1,6,4,]
7-1-0.000000-[3,1,6,4,2,0,5,]
7-5-0.001000-[5,3,1,6,4,2,0,]
7-2-0.001000-[3,0,4,1,5,2,6,]
7-1-0.000000-[3,5,0,2,4,6,1,]
7-1-0.001000-[0,2,4,6,1,3,5,]
7-3-0.000000-[5,2,4,6,0,3,1,]
7-1-0.000000-[4,1,5,2,6,3,0,]
7-5-0.001000-[2,6,3,0,4,1,5,]
7-3-0.000000-[5,2,0,3,6,4,1,]
7-8-0.002000-[5,3,6,0,2,4,1,]
7-4-0.000000-[1,3,5,0,2,4,6,]
7-2-0.000000-[3,1,6,4,2,0,5,]
7-8-0.001000-[2,0,5,1,4,6,3,]
7-1-0.001000-[1,3,0,6,4,2,5,]
7-2-0.000000-[5,1,4,0,3,6,2,]
7-2-0.001000-[5,0,2,4,6,1,3,]
7-6-0.001000-[0,4,1,5,2,6,3,]
7-6-0.001000-[1,4,2,0,6,3,5,]
7-3-0.001000-[0,4,1,5,2,6,3,]
7-5-0.001000-[0,5,3,1,6,4,2,]
7-4-0.001000-[3,6,4,1,5,0,2,]
7-5-0.000000-[6,2,5,1,4,0,3,]
7-1-0.000000-[4,6,1,3,5,0,2,]
7-5-0.001000-[6,2,5,1,4,0,3,]
7-3-0.000000-[1,5,2,6,3,0,4,]
7-9-0.001000-[4,1,5,2,6,3,0,]
7-2-0.000000-[0,4,1,5,2,6,3,]
7-4-0.001000-[0,3,6,2,5,1,4,]
7-7-0.001000-[2,6,1,3,5,0,4,]
7-3-0.001000-[5,3,6,0,2,4,1,]
7-3-0.001000-[0,5,3,1,6,4,2,]
7-2-0.000000-[3,6,4,1,5,0,2,]
7-1-0.000000-[2,5,1,4,0,3,6,]
7-10-0.001000-[2,5,1,4,0,3,6,]
7-3-0.001000-[5,3,1,6,4,2,0,]
7-3-0.000000-[1,6,4,2,0,5,3,]
7-4-0.000000-[4,6,1,3,5,0,2,]
7-2-0.000000-[3,6,2,5,1,4,0,]
7-3-0.001000-[0,4,1,5,2,6,3,]
7-8-0.001000-[5,2,6,3,0,4,1,]
7-3-0.001000-[6,4,2,0,5,3,1,]
7-1-0.000000-[0,3,6,2,5,1,4,]
7-6-0.001000-[2,5,1,4,0,3,6,]
7-3-0.000000-[5,0,2,4,6,1,3,]
7-14-0.002000-[6,3,0,4,1,5,2,]
7-1-0.000000-[4,6,1,5,2,0,3,]
7-2-0.000000-[4,6,1,3,5,0,2,]
7-1-0.001000-[2,0,5,1,4,6,3,]
7-5-0.000000-[3,1,6,4,2,0,5,]
7-5-0.000000-[5,3,6,0,2,4,1,]
7-4-0.001000-[4,0,3,6,2,5,1,]
7-4-0.001000-[0,4,1,5,2,6,3,]
7-3-0.001000-[4,6,1,5,2,0,3,]
7-2-0.000000-[5,1,4,0,3,6,2,]
7-2-0.000000-[3,6,4,1,5,0,2,]
7-4-0.001000-[1,6,4,2,0,5,3,]
7-13-0.002000-[2,6,3,0,4,1,5,]
7-3-0.000000-[5,3,6,0,2,4,1,]
7-4-0.001000-[0,4,1,5,2,6,3,]
7-2-0.000000-[1,4,2,0,6,3,5,]
7-1-0.000000-[2,5,1,4,0,3,6,]
7-7-0.001000-[0,4,1,5,2,6,3,]
7-1-0.000000-[1,3,5,0,2,4,6,]
7-5-0.001000-[1,4,6,3,0,2,5,]
7-4-0.001000-[6,1,3,5,0,2,4,]
7-4-0.001000-[3,6,2,5,1,4,0,]
7-3-0.000000-[2,6,1,3,5,0,4,]
7-3-0.000000-[1,4,2,0,6,3,5,]
7-11-0.001000-[1,3,0,6,4,2,5,]
7-6-0.000000-[4,6,1,3,5,0,2,]
7-1-0.000000-[3,0,2,5,1,6,4,]
7-5-0.001000-[5,1,4,0,3,6,2,]
7-9-0.001000-[6,1,3,5,0,2,4,]
7-2-0.000000-[0,2,4,6,1,3,5,]
7-1-0.000000-[6,2,5,1,4,0,3,]
7-6-0.001000-[1,3,0,6,4,2,5,]
7-1-0.000000-[5,3,6,0,2,4,1,]
7-4-0.001000-[0,5,3,1,6,4,2,]
7-4-0.001000-[6,4,2,0,5,3,1,]
7-1-0.000000-[2,6,1,3,5,0,4,]
7-1-0.001000-[4,2,0,5,3,1,6,]
7-2-0.000000-[3,5,0,2,4,6,1,]
7-6-0.001000-[0,2,4,6,1,3,5,]
7-1-0.000000-[4,2,0,5,3,1,6,]
7-5-0.001000-[0,4,1,5,2,6,3,]
7-2-0.000000-[1,3,5,0,2,4,6,]
7-2-0.001000-[5,1,4,0,3,6,2,]
7-3-0.000000-[2,0,5,3,1,6,4,]
7-4-0.000000-[2,4,6,1,3,5,0,]
7-4-0.001000-[1,6,4,2,0,5,3,]
7-1-0.000000-[0,5,3,1,6,4,2,]
7-2-0.001000-[5,0,2,4,6,1,3,]
7-3-0.000000-[6,3,0,4,1,5,2,]
7-2-0.001000-[6,3,0,4,1,5,2,]
7-6-0.001000-[1,3,0,6,4,2,5,]
7-3-0.000000-[4,1,5,2,6,3,0,]
7-6-0.000000-[5,2,4,6,0,3,1,]
7-5-0.000000-[2,6,1,3,5,0,4,]
7-2-0.001000-[4,2,0,5,3,1,6,]
7-5-0.001000-[2,0,5,1,4,6,3,]
7-3-0.000000-[6,2,5,1,4,0,3,]
7-1-0.000000-[3,5,0,2,4,6,1,]
7-2-0.000000-[1,3,0,6,4,2,5,]
7-4-0.000000-[5,3,6,0,2,4,1,]
7-4-0.001000-[2,0,5,3,1,6,4,]
7-13-0.002000-[5,3,1,6,4,2,0,]
7-8-0.001000-[5,3,6,0,2,4,1,]
7-5-0.001000-[2,4,6,1,3,5,0,]
7-8-0.001000-[3,0,2,5,1,6,4,]
7-3-0.000000-[4,0,3,6,2,5,1,]
7-2-0.001000-[5,3,6,0,2,4,1,]
7-7-0.001000-[4,1,5,2,6,3,0,]
7-3-0.001000-[5,3,1,6,4,2,0,]
7-2-0.000000-[2,6,3,0,4,1,5,]
7-2-0.001000-[1,5,2,6,3,0,4,]
7-4-0.001000-[1,4,0,3,6,2,5,]
7-6-0.001000-[5,0,2,4,6,1,3,]
7-2-0.000000-[6,3,0,4,1,5,2,]
7-5-0.001000-[0,2,4,6,1,3,5,]
7-4-0.001000-[3,5,0,2,4,6,1,]
7-1-0.000000-[6,4,2,0,5,3,1,]
7-3-0.000000-[0,4,1,5,2,6,3,]
7-1-0.000000-[0,3,6,2,5,1,4,]
7-5-0.000000-[4,0,3,6,2,5,1,]
7-5-0.000000-[6,1,3,5,0,2,4,]
7-12-0.001000-[1,5,2,6,3,0,4,]
7-3-0.001000-[1,3,5,0,2,4,6,]
7-2-0.001000-[6,2,5,1,4,0,3,]
7-2-0.000000-[3,6,4,1,5,0,2,]
7-3-0.000000-[6,4,2,0,5,3,1,]
7-1-0.000000-[2,6,3,0,4,1,5,]
7-4-0.000000-[1,5,2,6,3,0,4,]
7-1-0.000000-[3,0,4,1,5,2,6,]
7-2-0.000000-[6,2,5,1,4,0,3,]
7-3-0.001000-[0,2,4,6,1,3,5,]
7-3-0.000000-[3,0,4,1,5,2,6,]
7-2-0.001000-[4,0,5,3,1,6,2,]
7-1-0.000000-[3,6,2,5,1,4,0,]
7-4-0.001000-[1,5,2,6,3,0,4,]
7-2-0.000000-[1,4,2,0,6,3,5,]
7-2-0.000000-[1,4,6,3,0,2,5,]
7-2-0.000000-[5,2,0,3,6,4,1,]
7-4-0.000000-[2,6,3,0,4,1,5,]
7-1-0.001000-[5,2,4,6,0,3,1,]
7-1-0.000000-[3,6,2,5,1,4,0,]
7-1-0.000000-[0,2,4,6,1,3,5,]
7-1-0.000000-[0,5,3,1,6,4,2,]
7-5-0.001000-[5,0,2,4,6,1,3,]
7-5-0.001000-[4,2,0,5,3,1,6,]
7-11-0.002000-[6,3,0,4,1,5,2,]
