12-14-0.028000-[5,1,11,9,2,6,10,3,7,0,4,8,]
12-27-0.042000-[4,8,0,11,9,2,6,3,7,10,1,5,]
12-9-0.011000-[4,11,0,10,3,5,8,2,9,6,1,7,]
12-7-0.006000-[10,7,11,0,3,1,9,5,8,2,4,6,]
12-60-0.057000-[5,8,4,9,0,3,7,11,2,6,1,10,]
12-3-0.002000-[6,4,0,11,9,5,10,2,7,3,1,8,]
12-17-0.015000-[2,4,10,3,5,9,11,0,7,1,6,8,]
12-14-0.013000-[11,0,5,7,2,10,8,1,4,9,3,6,]
12-6-0.005000-[9,6,2,5,7,11,0,8,4,1,3,10,]
12-44-0.043000-[6,10,2,7,1,4,11,8,0,5,3,9,]
12-3-0.003000-[10,8,2,5,3,0,7,11,4,6,1,9,]
12-36-0.036000-[4,7,11,2,5,1,9,0,6,3,10,8,]
12-25-0.026000-[1,5,2,8,6,11,3,10,0,4,9,7,]
12-41-0.045000-[3,7,4,11,0,10,6,2,5,8,1,9,]
12-32-0.036000-[1,9,5,0,8,10,2,6,3,7,4,11,]
12-35-0.036000-[11,1,6,10,2,4,8,0,9,3,5,7,]
12-80-0.079000-[3,7,9,11,0,2,4,6,8,10,5,1,]
12-17-0.016000-[9,7,2,10,1,6,4,0,11,8,5,3,]
12-16-0.019000-[5,1,4,11,8,3,9,6,2,10,7,0,]
12-3-0.004000-[6,4,10,0,5,9,1,3,7,11,8,2,]
12-4-0.005000-[5,7,4,11,0,2,10,8,1,3,9,6,]
12-4-0.005000-[5,0,10,4,7,1,8,11,2,6,3,9,]
12-35-0.051000-[6,1,7,5,11,0,10,4,9,3,8,2,]
12-38-0.054000-[7,0,4,11,9,6,2,10,1,3,5,8,]
12-89-0.132000-[7,10,6,1,5,0,9,3,8,11,4,2,]
12-11-0.015000-[0,5,8,11,1,6,9,2,4,7,3,10,]
12-2-0.002000-[3,7,4,11,0,10,6,2,9,1,8,5,]
12-11-0.013000-[4,0,9,6,10,3,1,8,5,11,2,7,]
12-5-0.008000-[5,9,1,6,10,3,0,8,4,11,7,2,]
12-5-0.006000-[9,5,8,1,11,6,2,0,10,4,7,3,]
12-12-0.016000-[10,2,4,6,8,0,11,1,5,7,9,3,]
12-22-0.028000-[3,5,10,1,11,4,7,0,2,9,6,8,]
12-16-0.021000-[8,6,2,0,5,1,9,11,3,7,4,10,]
12-7-0.009000-[6,10,2,5,1,9,4,8,11,0,3,7,]
12-23-0.028000-[5,1,4,11,8,3,7,10,2,6,9,0,]
12-13-0.017000-[2,8,5,0,9,1,6,11,3,7,4,10,]
12-80-0.098000-[3,7,4,11,0,5,10,2,9,6,8,1,]
12-38-0.047000-[2,4,10,7,9,1,5,0,8,6,11,3,]
12-10-0.014000-[7,9,4,6,8,0,11,1,5,2,10,3,]
12-46-0.065000-[6,4,2,0,8,10,5,1,9,11,3,7,]
12-32-0.041000-[4,11,3,10,6,2,9,7,0,8,1,5,]
12-30-0.041000-[4,6,3,0,11,5,8,10,1,7,9,2,]
12-2-0.002000-[0,4,10,7,3,1,11,9,6,2,5,8,]
12-2-0.003000-[5,7,0,11,8,1,9,4,2,10,3,6,]
12-7-0.007000-[1,4,9,3,8,10,2,0,6,11,7,5,]
12-23-0.027000-[2,6,8,1,7,0,3,11,9,5,10,4,]
12-20-0.023000-[6,10,7,1,4,0,9,11,2,5,3,8,]
12-85-0.102000-[5,9,4,1,10,2,6,8,11,0,3,7,]
12-1-0.001000-[6,3,9,4,1,8,10,2,7,5,0,11,]
12-3-0.006000-[6,8,2,4,1,9,11,3,10,7,5,0,]
12-25-0.033000-[2,6,11,7,0,3,9,4,1,8,10,5,]
12-31-0.038000-[1,8,11,9,2,5,10,0,3,6,4,7,]
12-8-0.010000-[7,4,10,5,9,1,3,11,8,2,0,6,]
12-4-0.004000-[6,4,2,11,8,10,7,0,3,1,9,5,]
12-15-0.021000-[6,2,0,8,11,7,1,3,5,9,4,10,]
12-15-0.024000-[8,5,11,1,3,7,9,4,2,0,10,6,]
12-2-0.003000-[10,5,1,6,11,7,2,0,9,4,8,3,]
12-33-0.041000-[2,5,3,6,9,11,1,4,0,8,10,7,]
12-47-0.061000-[7,2,6,8,0,11,3,5,10,1,9,4,]
12-72-0.091000-[4,10,5,0,9,11,2,7,1,3,8,6,]
12-12-0.015000-[3,8,4,7,0,10,6,1,5,2,11,9,]
12-2-0.003000-[4,0,8,5,1,10,7,2,11,3,6,9,]
12-10-0.015000-[1,7,5,2,8,10,3,9,6,4,0,11,]
12-6-0.006000-[5,3,1,10,7,9,0,2,4,6,8,11,]
12-15-0.016000-[6,4,0,10,8,2,11,3,7,9,1,5,]
12-16-0.018000-[4,7,5,10,6,1,11,2,8,3,9,0,]
12-80-0.097000-[3,1,7,5,11,0,10,6,9,2,4,8,]
12-16-0.021000-[6,4,10,0,11,5,8,1,3,7,9,2,]
12-7-0.008000-[3,0,9,7,1,10,2,5,8,11,4,6,]
12-14-0.016000-[1,9,7,5,10,2,0,11,3,8,6,4,]
12-64-0.075000-[6,8,5,2,0,7,10,1,3,9,11,4,]
12-16-0.029000-[7,11,6,3,0,8,5,2,10,1,4,9,]
12-27-0.043000-[4,6,1,9,5,8,0,3,10,2,7,11,]
12-37-0.048000-[6,11,2,10,7,0,3,1,9,5,8,4,]
12-12-0.016000-[4,6,11,0,10,7,2,8,3,1,9,5,]
12-17-0.019000-[5,3,11,0,8,6,2,10,7,1,4,9,]
12-54-0.067000-[2,4,7,3,10,6,1,11,5,8,0,9,]
12-6-0.010000-[6,1,9,0,3,7,10,2,11,5,8,4,]
12-22-0.026000-[2,8,5,9,4,1,7,11,3,6,0,10,]
12-21-0.030000-[8,3,11,6,2,9,1,4,7,10,0,5,]
12-56-0.067000-[7,2,6,3,10,8,11,9,4,1,5,0,]
12-2-0.003000-[4,0,11,8,2,7,1,3,9,6,10,5,]
12-1-0.005000-[6,11,7,10,1,5,2,0,3,8,4,9,]
12-24-0.027000-[9,11,2,5,1,6,0,10,7,4,8,3,]
12-4-0.005000-[6,3,7,11,4,0,10,8,5,2,9,1,]
12-6-0.007000-[8,5,3,6,9,11,1,7,4,2,0,10,]
12-3-0.004000-[3,11,4,7,1,10,2,6,9,0,8,5,]
12-12-0.013000-[0,2,8,10,1,4,11,9,6,3,5,7,]
12-6-0.008000-[11,6,4,2,0,9,7,10,1,3,5,8,]
12-27-0.028000-[0,10,6,4,2,8,11,9,1,3,5,7,]
12-16-0.019000-[6,8,11,5,0,2,10,7,3,1,9,4,]
12-5-0.005000-[2,10,6,3,11,8,1,5,9,0,4,7,]
12-19-0.027000-[5,10,1,7,2,11,3,8,0,9,4,6,]
12-8-0.013000-[5,8,10,7,0,3,1,6,9,2,4,11,]
12-14-0.026000-[5,3,1,4,10,8,6,11,0,2,7,9,]
12-37-0.050000-[1,6,8,5,0,4,9,11,3,7,10,2,]
12-50-0.056000-[6,2,0,5,11,9,3,10,8,4,1,7,]
12-29-0.037000-[2,5,8,0,11,3,6,10,1,4,9,7,]
12-18-0.022000-[10,8,3,5,2,9,11,0,7,4,6,1,]
12-4-0.008000-[5,0,8,10,2,6,1,9,11,3,7,4,]
12-3-0.008000-[4,7,9,2,6,10,3,0,8,5,11,1,]
12-2-0.006000-[5,3,0,7,10,4,1,8,11,9,6,2,]
12-11-0.025000-[5,8,1,9,6,2,0,10,3,7,11,4,]
12-7-0.019000-[8,2,4,10,3,0,6,11,1,5,7,9,]
12-6-0.011000-[3,9,6,4,11,7,0,2,8,5,1,10,]
12-8-0.013000-[8,3,1,7,9,6,0,2,11,5,10,4,]
12-1-0.001000-[5,2,10,3,11,8,1,4,6,0,9,7,]
12-7-0.007000-[11,4,1,5,8,10,0,3,6,9,7,2,]
12-15-0.016000-[3,1,6,10,5,0,11,9,7,2,4,8,]
12-25-0.025000-[2,7,10,4,1,8,11,3,6,9,5,0,]
12-12-0.011000-[10,7,1,6,0,2,8,5,3,9,11,4,]
12-13-0.014000-[6,0,3,7,4,8,11,2,10,5,1,9,]
12-18-0.020000-[3,7,2,10,8,1,11,4,6,0,9,5,]
12-8-0.009000-[9,11,3,8,2,5,1,10,0,6,4,7,]
12-6-0.007000-[1,6,11,7,10,3,0,9,4,2,5,8,]
12-19-0.023000-[8,3,11,4,2,9,5,10,1,6,0,7,]
12-9-0.010000-[7,4,1,9,0,6,10,2,5,11,8,3,]
12-4-0.005000-[8,11,0,2,6,10,3,7,9,4,1,5,]
12-29-0.032000-[9,4,2,8,10,7,1,3,0,6,11,5,]
12-8-0.008000-[1,7,11,0,8,4,9,3,6,2,10,5,]
12-16-0.017000-[8,1,9,6,3,0,10,5,2,11,7,4,]
12-54-0.061000-[6,2,11,7,1,10,5,9,4,0,8,3,]
12-14-0.013000-[5,8,4,0,3,11,9,1,6,2,10,7,]
12-44-0.046000-[5,11,4,6,0,3,1,8,2,9,7,10,]
12-1-0.002000-[5,7,0,11,6,8,10,2,9,3,1,4,]
12-1-0.000000-[6,4,11,5,0,9,3,8,2,7,1,10,]
12-2-0.002000-[10,3,0,4,7,11,2,6,1,9,5,8,]
12-37-0.042000-[5,9,1,10,7,11,0,2,4,6,8,3,]
12-35-0.039000-[2,11,6,4,9,0,5,3,1,7,10,8,]
12-6-0.006000-[6,10,5,1,9,0,3,7,2,8,11,4,]
12-6-0.007000-[2,4,10,8,11,3,0,7,5,1,9,6,]
12-10-0.011000-[3,10,2,5,1,11,0,8,6,4,9,7,]
12-32-0.036000-[11,6,3,1,10,5,0,9,7,4,2,8,]
12-31-0.032000-[9,2,6,3,11,8,5,0,10,7,4,1,]
12-1-0.001000-[6,4,2,11,8,10,7,0,3,1,9,5,]
12-8-0.009000-[7,11,8,5,1,4,0,10,3,9,6,2,]
12-3-0.004000-[4,9,5,0,2,10,8,6,1,3,11,7,]
12-45-0.055000-[9,7,1,4,2,10,8,11,5,3,0,6,]
12-33-0.037000-[4,6,11,9,2,0,8,3,1,10,7,5,]
12-9-0.010000-[10,8,3,5,2,9,11,0,7,4,6,1,]
12-14-0.013000-[4,0,8,6,9,3,1,7,10,2,11,5,]
12-15-0.016000-[1,8,5,9,4,0,10,3,6,11,7,2,]
12-15-0.014000-[0,8,5,2,9,6,10,1,4,11,7,3,]
12-96-0.103000-[3,8,6,1,10,5,0,4,9,11,2,7,]
12-25-0.026000-[4,0,8,10,5,1,6,9,11,2,7,3,]
12-5-0.005000-[6,4,0,8,11,5,2,9,1,10,7,3,]
12-2-0.003000-[2,5,10,6,1,11,7,3,0,8,4,9,]
12-19-0.018000-[9,6,4,7,10,0,2,8,5,3,1,11,]
12-5-0.005000-[0,9,5,1,8,11,2,6,3,10,7,4,]
12-11-0.011000-[4,11,8,5,2,0,7,10,1,6,9,3,]
12-15-0.013000-[9,2,5,7,11,1,8,4,0,3,10,6,]
12-18-0.016000-[5,1,6,0,7,11,8,3,9,4,2,10,]
12-66-0.096000-[6,3,10,0,4,8,11,2,7,5,1,9,]
12-7-0.010000-[2,7,5,0,8,1,11,6,3,10,4,9,]
12-14-0.020000-[3,7,11,4,8,1,5,9,2,0,10,6,]
12-8-0.012000-[1,7,4,8,11,0,3,5,2,9,6,10,]
12-2-0.002000-[3,10,2,5,11,9,1,6,4,7,0,8,]
12-15-0.016000-[11,4,1,5,0,9,3,8,2,7,10,6,]
12-33-0.032000-[3,10,8,5,11,1,6,0,9,7,4,2,]
12-26-0.028000-[2,10,1,6,9,3,0,11,8,5,7,4,]
12-14-0.015000-[6,10,7,1,8,2,9,3,0,4,11,5,]
12-2-0.003000-[5,9,4,0,11,8,10,2,6,3,1,7,]
12-10-0.009000-[8,6,1,7,2,0,3,9,11,5,10,4,]
12-7-0.006000-[6,8,0,11,3,7,10,4,9,1,5,2,]
12-6-0.009000-[5,7,4,6,11,9,1,3,8,10,2,0,]
12-25-0.025000-[7,11,6,2,0,5,3,8,10,4,1,9,]
12-4-0.005000-[10,0,7,4,1,3,9,11,8,5,2,6,]
12-33-0.031000-[9,2,8,1,11,7,10,4,0,5,3,6,]
12-21-0.022000-[5,1,6,10,3,11,0,8,4,2,7,9,]
12-12-0.014000-[4,7,3,11,9,1,6,10,2,0,5,8,]
12-31-0.042000-[6,1,10,2,7,3,8,11,9,4,0,5,]
12-2-0.003000-[2,6,9,1,10,4,7,11,0,3,5,8,]
12-14-0.014000-[6,8,1,4,7,10,2,11,5,3,0,9,]
12-15-0.016000-[3,6,9,1,10,7,0,2,5,8,11,4,]
12-71-0.076000-[6,10,5,1,11,4,8,3,0,9,7,2,]
12-53-0.074000-[3,7,4,11,0,10,1,6,9,2,8,5,]
12-9-0.011000-[1,4,6,11,9,2,0,5,3,8,10,7,]
12-38-0.055000-[11,1,5,7,10,0,2,6,9,3,8,4,]
12-4-0.004000-[8,6,3,0,7,1,10,5,2,11,9,4,]
12-5-0.007000-[3,9,2,10,8,11,5,1,6,0,7,4,]
12-15-0.021000-[4,1,5,0,9,11,8,3,7,10,2,6,]
12-8-0.011000-[4,1,8,0,3,10,7,9,11,5,2,6,]
12-29-0.039000-[6,2,9,1,4,10,8,3,11,0,7,5,]
12-26-0.025000-[3,11,2,8,1,9,4,6,0,10,5,7,]
12-2-0.003000-[1,8,5,3,9,0,10,4,6,11,2,7,]
12-13-0.016000-[7,4,8,3,0,9,11,6,10,2,5,1,]
12-9-0.011000-[2,8,5,9,0,6,11,1,7,4,10,3,]
12-14-0.019000-[3,8,0,4,9,5,10,1,7,11,2,6,]
12-8-0.011000-[9,4,1,8,0,3,10,7,5,11,2,6,]
12-12-0.014000-[4,7,11,2,6,1,3,0,8,10,5,9,]
12-9-0.012000-[3,9,7,4,11,1,8,5,0,2,10,6,]
12-19-0.023000-[4,8,3,0,7,11,1,6,10,5,2,9,]
12-23-0.026000-[5,2,11,3,7,9,4,0,10,8,6,1,]
12-22-0.028000-[5,1,10,6,11,2,7,3,0,8,4,9,]
12-37-0.045000-[5,0,9,4,6,1,10,7,11,3,8,2,]
12-6-0.006000-[9,6,3,1,4,11,0,10,7,5,2,8,]
12-34-0.044000-[7,11,6,1,5,0,8,4,2,9,3,10,]
12-7-0.010000-[3,8,2,4,1,9,11,6,10,7,5,0,]
12-66-0.086000-[7,4,11,1,5,9,0,3,8,6,2,10,]
12-23-0.028000-[1,4,8,10,2,7,3,11,0,5,9,6,]
12-26-0.032000-[6,3,5,11,8,0,4,1,9,2,10,7,]
12-15-0.021000-[1,9,11,2,7,3,8,0,4,6,10,5,]
12-43-0.059000-[2,0,10,7,5,8,11,1,3,9,6,4,]
12-18-0.022000-[2,11,9,3,5,8,10,0,7,1,4,6,]
12-5-0.006000-[4,7,5,11,9,0,3,8,10,2,6,1,]
12-44-0.052000-[4,9,5,8,1,11,2,7,10,0,3,6,]
12-19-0.025000-[6,3,5,0,8,4,11,7,2,10,1,9,]
12-1-0.001000-[6,3,11,2,7,9,4,0,8,10,5,1,]
12-10-0.015000-[8,3,7,0,10,5,1,6,4,2,11,9,]
12-80-0.109000-[5,3,10,4,7,11,2,6,1,9,0,8,]
12-10-0.019000-[6,11,7,10,3,0,2,4,9,1,8,5,]
12-11-0.014000-[4,7,10,2,9,6,0,3,1,11,5,8,]
12-7-0.009000-[3,5,2,9,6,0,11,8,1,7,4,10,]
12-9-0.011000-[4,9,5,0,2,11,8,6,1,3,10,7,]
12-9-0.013000-[3,9,7,2,0,6,10,1,5,11,8,4,]
12-26-0.034000-[3,6,9,1,5,11,0,7,10,4,2,8,]
12-44-0.071000-[4,6,9,0,10,7,2,8,11,1,3,5,]
12-54-0.054000-[1,7,0,6,8,2,11,9,3,5,10,4,]
12-94-0.094000-[5,2,4,7,0,11,1,10,6,9,3,8,]
12-2-0.003000-[7,4,6,8,0,11,3,5,10,1,9,2,]
12-51-0.055000-[8,0,5,1,9,6,10,2,4,11,7,3,]
12-24-0.023000-[5,10,1,9,11,2,7,3,8,0,4,6,]
12-5-0.006000-[6,10,3,11,4,8,1,5,2,0,9,7,]
12-19-0.022000-[8,4,11,7,0,2,6,9,1,10,5,3,]
12-19-0.020000-[1,6,10,7,0,3,8,4,11,9,5,2,]
12-22-0.023000-[5,7,1,11,6,2,10,8,4,9,3,0,]
12-6-0.005000-[6,10,3,11,0,8,1,5,2,9,7,4,]
12-17-0.019000-[4,7,5,11,9,1,3,8,10,2,0,6,]
12-5-0.007000-[0,7,3,11,9,4,1,5,10,2,6,8,]
12-12-0.014000-[4,0,5,9,6,10,3,1,8,2,11,7,]
12-13-0.015000-[1,3,5,10,8,11,2,4,7,9,0,6,]
12-11-0.014000-[11,1,5,7,10,0,2,6,9,3,8,4,]
12-20-0.028000-[2,10,7,1,4,0,9,11,5,8,6,3,]
12-10-0.013000-[2,9,5,1,8,0,11,4,7,10,6,3,]
12-20-0.026000-[4,11,1,8,6,2,9,7,0,10,3,5,]
12-22-0.031000-[9,4,8,1,3,10,0,7,5,2,11,6,]
12-56-0.070000-[5,7,11,0,2,4,9,3,8,10,1,6,]
12-28-0.033000-[11,6,2,9,1,3,8,10,7,4,0,5,]
12-7-0.010000-[3,6,8,1,11,7,0,4,9,5,10,2,]
12-36-0.046000-[3,9,7,10,1,6,0,11,8,5,2,4,]
12-7-0.012000-[4,2,10,6,11,3,8,0,5,1,9,7,]
12-10-0.013000-[0,5,10,6,9,2,8,1,3,7,11,4,]
12-1-0.001000-[7,3,0,6,8,1,11,4,2,9,5,10,]
12-17-0.024000-[9,1,6,11,3,0,7,10,4,2,8,5,]
12-53-0.070000-[10,7,2,0,5,8,1,11,6,3,9,4,]
12-22-0.027000-[10,5,1,4,0,7,11,2,8,6,3,9,]
12-8-0.011000-[7,2,8,6,4,0,11,9,5,3,1,10,]
12-40-0.046000-[8,6,3,7,0,11,5,10,1,9,4,2,]
12-84-0.115000-[3,7,9,11,2,4,6,0,10,1,5,8,]
12-62-0.089000-[5,8,11,1,7,2,10,3,0,9,4,6,]
12-32-0.051000-[4,10,8,2,5,1,9,0,6,3,7,11,]
12-11-0.014000-[1,7,10,8,0,9,4,2,11,6,3,5,]
12-9-0.016000-[3,9,4,2,5,10,6,11,0,7,1,8,]
12-2-0.002000-[4,9,7,2,10,3,0,8,5,11,6,1,]
12-32-0.044000-[6,10,7,11,3,0,2,9,5,1,8,4,]
12-1-0.001000-[5,11,0,3,6,9,2,8,1,4,7,10,]
12-35-0.050000-[4,6,11,3,1,7,9,2,0,5,8,10,]
12-1-0.002000-[5,8,1,3,10,7,9,11,2,4,6,0,]
12-2-0.004000-[7,4,0,8,6,11,3,1,9,5,10,2,]
12-11-0.017000-[4,1,9,5,2,10,7,0,11,8,6,3,]
12-4-0.009000-[9,3,8,0,4,1,10,5,7,2,11,6,]
12-18-0.029000-[9,5,0,8,4,11,1,6,2,10,7,3,]
12-26-0.033000-[3,7,11,4,1,5,0,2,10,8,6,9,]
12-6-0.007000-[6,1,7,0,11,8,4,9,3,5,2,10,]
12-118-0.160000-[6,8,2,5,1,9,4,10,7,3,11,0,]
12-47-0.055000-[8,4,9,7,0,2,11,6,1,10,5,3,]
12-23-0.028000-[5,9,0,6,4,2,8,11,7,10,3,1,]
12-7-0.008000-[1,9,4,10,3,0,2,7,11,6,8,5,]
12-10-0.012000-[6,11,1,10,4,2,8,3,9,7,5,0,]
12-10-0.011000-[3,1,8,2,9,7,10,4,0,5,11,6,]
12-44-0.047000-[7,11,3,8,4,9,0,2,5,1,6,10,]
12-20-0.024000-[5,9,2,6,11,1,7,4,0,3,8,10,]
12-8-0.010000-[8,1,3,9,6,10,5,0,11,7,4,2,]
12-3-0.002000-[1,8,4,7,9,11,2,10,6,3,5,0,]
12-9-0.011000-[5,2,0,3,10,7,9,11,1,4,6,8,]
12-56-0.073000-[1,6,8,2,11,9,3,5,0,4,10,7,]
12-13-0.015000-[1,10,2,5,8,11,3,0,6,4,9,7,]
12-13-0.013000-[3,7,4,1,8,6,11,0,2,9,5,10,]
12-17-0.025000-[4,8,0,5,1,10,7,3,11,9,2,6,]
12-13-0.018000-[9,3,1,11,7,5,10,0,4,6,8,2,]
12-22-0.026000-[1,9,7,10,4,2,0,5,11,8,6,3,]
12-16-0.020000-[5,9,6,1,3,11,0,7,10,4,2,8,]
12-17-0.022000-[4,7,3,0,11,8,6,2,10,5,1,9,]
12-71-0.104000-[5,0,10,6,2,11,8,4,9,1,3,7,]
12-27-0.039000-[2,8,11,0,3,6,10,7,4,1,5,9,]
12-22-0.035000-[5,1,10,6,0,2,8,11,3,7,9,4,]
12-6-0.007000-[2,8,1,4,10,5,9,11,0,7,3,6,]
12-8-0.010000-[8,4,1,7,9,2,0,5,3,10,6,11,]
12-26-0.038000-[5,1,4,6,10,2,7,11,3,8,0,9,]
12-8-0.011000-[3,10,6,9,1,4,7,0,2,5,8,11,]
12-7-0.010000-[8,3,7,2,11,6,10,0,5,1,4,9,]
12-11-0.015000-[4,7,0,11,1,8,6,3,9,2,5,10,]
12-28-0.037000-[2,5,8,6,0,10,1,4,9,7,3,11,]
12-45-0.059000-[5,0,10,7,2,8,1,4,9,11,6,3,]
12-19-0.023000-[9,1,4,10,8,3,5,0,2,6,11,7,]
12-1-0.002000-[8,3,9,2,5,10,0,11,6,4,7,1,]
12-1-0.001000-[11,4,2,5,8,10,0,3,1,7,9,6,]
12-17-0.022000-[6,2,9,7,1,3,8,0,11,4,10,5,]
12-45-0.061000-[9,4,1,7,2,11,6,8,10,5,3,0,]
12-45-0.056000-[5,9,4,1,11,6,2,0,8,3,7,10,]
12-3-0.003000-[2,4,6,10,3,11,0,8,1,5,7,9,]
12-40-0.045000-[5,1,9,4,6,11,2,10,7,0,3,8,]
12-7-0.008000-[3,9,2,8,11,1,7,5,10,0,4,6,]
12-32-0.036000-[3,8,6,11,0,2,7,5,10,1,9,4,]
12-4-0.006000-[3,9,4,8,11,0,2,6,1,10,7,5,]
12-10-0.009000-[2,8,10,3,9,0,5,11,6,1,7,4,]
12-30-0.030000-[5,9,1,4,0,8,10,2,6,3,7,11,]
12-10-0.012000-[6,8,10,0,4,9,1,3,7,2,11,5,]
12-4-0.006000-[6,9,0,4,1,10,5,2,8,11,3,7,]
12-41-0.042000-[1,4,6,0,10,5,11,9,7,3,8,2,]
12-8-0.011000-[5,0,4,1,8,11,9,7,2,10,3,6,]
12-2-0.005000-[3,5,8,10,1,6,11,2,0,7,9,4,]
12-3-0.003000-[5,2,4,10,0,11,9,7,1,3,8,6,]
12-60-0.065000-[6,4,9,1,3,5,10,8,0,11,7,2,]
12-52-0.060000-[7,2,10,5,0,11,9,6,3,1,4,8,]
12-82-0.128000-[4,6,11,9,1,3,5,2,8,10,0,7,]
12-16-0.021000-[8,3,5,0,9,6,10,2,7,1,4,11,]
12-10-0.011000-[1,4,7,9,0,3,10,6,2,11,5,8,]
12-9-0.014000-[5,3,8,6,4,2,0,11,7,10,1,9,]
12-17-0.023000-[1,6,4,9,11,0,5,10,2,7,3,8,]
12-21-0.027000-[5,10,6,1,11,8,0,2,4,9,7,3,]
12-58-0.065000-[1,11,9,3,6,8,10,2,0,5,7,4,]
12-28-0.031000-[4,8,11,5,1,6,9,0,2,7,10,3,]
12-5-0.007000-[8,3,7,0,11,9,5,10,2,4,6,1,]
12-7-0.010000-[3,11,8,10,2,6,1,9,0,5,7,4,]
12-46-0.069000-[2,6,1,11,5,8,10,3,0,9,7,4,]
12-9-0.011000-[3,5,11,9,4,10,8,0,2,7,1,6,]
12-15-0.015000-[6,4,7,11,0,3,10,8,5,2,9,1,]
12-7-0.007000-[7,1,11,0,6,4,10,8,3,5,2,9,]
12-32-0.041000-[5,10,2,4,6,8,3,11,0,7,9,1,]
12-53-0.063000-[10,5,7,4,1,3,9,6,8,11,2,0,]
12-93-0.123000-[1,9,2,5,11,0,10,4,6,8,3,7,]
12-30-0.035000-[2,9,7,1,3,8,10,4,0,5,11,6,]
12-33-0.040000-[1,3,9,6,8,10,2,0,5,7,4,11,]
12-7-0.008000-[4,2,10,5,11,8,0,3,1,7,9,6,]
12-108-0.118000-[6,1,9,2,5,8,10,0,4,11,7,3,]
12-13-0.013000-[9,11,0,5,1,8,10,3,7,2,4,6,]
12-29-0.031000-[2,7,11,4,1,9,6,10,3,0,8,5,]
12-14-0.014000-[2,5,10,8,11,0,3,6,9,1,4,7,]
12-9-0.009000-[10,5,3,8,0,4,1,7,11,6,2,9,]
12-5-0.004000-[3,5,7,9,11,6,2,0,10,1,4,8,]
12-64-0.063000-[1,11,2,6,9,0,5,3,10,7,4,8,]
12-9-0.010000-[5,7,0,10,3,1,9,11,8,2,4,6,]
12-18-0.019000-[2,5,8,11,4,6,1,10,7,0,3,9,]
12-4-0.005000-[2,10,3,6,8,11,0,7,5,1,9,4,]
12-3-0.004000-[3,7,9,2,8,1,4,0,10,6,11,5,]
12-51-0.058000-[3,8,2,7,9,11,0,4,6,10,5,1,]
12-67-0.090000-[4,2,11,9,6,10,3,7,0,8,1,5,]
12-25-0.030000-[4,9,1,10,5,11,8,0,3,6,2,7,]
12-67-0.086000-[6,10,5,1,11,4,8,3,0,9,7,2,]
12-2-0.004000-[3,6,8,11,0,7,10,2,5,9,1,4,]
12-24-0.026000-[8,3,1,10,7,0,11,5,2,9,6,4,]
12-5-0.006000-[5,9,6,0,2,4,1,10,8,3,11,7,]
12-65-0.075000-[2,7,3,10,0,9,6,4,11,1,8,5,]
12-6-0.007000-[9,2,6,10,1,7,4,0,11,8,5,3,]
12-2-0.005000-[11,9,3,5,2,10,1,6,8,0,4,7,]
12-27-0.043000-[2,7,9,11,3,10,0,5,1,4,6,8,]
12-70-0.093000-[6,8,3,5,0,10,1,4,2,7,9,11,]
12-24-0.025000-[7,1,6,9,0,8,11,4,2,10,5,3,]
12-2-0.003000-[1,8,4,9,0,5,10,6,11,2,7,3,]
12-15-0.019000-[1,9,7,2,0,8,10,4,6,3,5,11,]
12-33-0.049000-[8,3,7,4,11,0,10,6,2,5,1,9,]
12-41-0.057000-[3,6,11,5,0,9,4,2,8,10,7,1,]
12-25-0.028000-[5,3,0,6,11,9,1,4,2,8,10,7,]
12-3-0.004000-[10,7,1,6,8,2,0,9,3,5,11,4,]
12-5-0.006000-[7,2,6,9,1,4,0,10,3,5,8,11,]
12-12-0.013000-[4,6,0,3,10,8,5,1,9,11,2,7,]
12-28-0.027000-[5,3,8,10,2,6,9,1,4,0,7,11,]
12-21-0.023000-[1,9,5,8,2,7,3,11,0,4,6,10,]
12-31-0.030000-[6,2,5,8,11,9,3,1,4,7,0,10,]
12-15-0.018000-[1,6,11,5,0,9,4,2,7,3,10,8,]
12-39-0.044000-[7,9,11,5,1,6,0,2,4,8,10,3,]
12-7-0.008000-[9,2,5,10,8,0,4,1,7,11,6,3,]
12-23-0.024000-[2,10,3,7,11,1,6,0,5,8,4,9,]
12-9-0.008000-[8,3,5,2,10,1,6,11,9,7,0,4,]
12-34-0.038000-[4,8,5,9,1,10,0,7,3,11,6,2,]
12-2-0.001000-[5,2,0,7,11,4,8,10,3,9,6,1,]
12-27-0.025000-[6,2,9,11,4,0,10,5,7,1,3,8,]
12-94-0.125000-[6,0,11,1,5,7,2,10,3,9,4,8,]
12-3-0.002000-[2,4,9,7,5,1,11,0,6,3,10,8,]
12-111-0.145000-[4,7,0,11,9,2,6,3,10,8,1,5,]
12-7-0.009000-[6,9,0,2,5,8,10,1,4,11,7,3,]
12-20-0.026000-[6,1,5,0,8,3,11,9,7,10,4,2,]
12-11-0.011000-[1,6,2,5,10,8,3,11,4,7,9,0,]
12-28-0.039000-[4,8,10,5,2,11,1,7,9,6,3,0,]
12-3-0.004000-[6,8,1,7,0,2,9,5,10,4,11,3,]
12-2-0.004000-[7,3,11,6,8,0,2,4,9,1,10,5,]
12-55-0.063000-[2,4,10,7,9,1,3,0,6,8,5,11,]
12-38-0.043000-[7,4,10,1,6,11,0,2,9,5,3,8,]
12-42-0.044000-[7,0,6,1,5,11,8,10,3,9,2,4,]
12-16-0.026000-[2,7,5,11,8,0,3,6,9,1,10,4,]
12-8-0.014000-[8,2,9,7,0,4,1,5,11,6,10,3,]
12-2-0.002000-[6,1,5,0,9,4,10,8,3,11,2,7,]
12-12-0.020000-[5,3,1,7,11,6,0,10,8,4,2,9,]
12-11-0.016000-[0,8,4,2,7,10,1,11,5,3,6,9,]
12-7-0.009000-[10,2,9,6,0,11,1,7,5,3,8,4,]
12-27-0.033000-[3,7,10,4,6,9,0,2,5,8,1,11,]
12-76-0.074000-[8,2,5,10,1,11,6,3,7,0,4,9,]
12-18-0.017000-[7,5,0,2,9,11,3,8,10,1,4,6,]
12-23-0.027000-[1,5,8,10,3,7,11,2,0,6,4,9,]
12-12-0.011000-[6,8,0,2,9,5,10,1,4,11,7,3,]
12-104-0.098000-[7,0,4,8,10,5,2,11,9,6,3,1,]
12-22-0.024000-[7,0,4,8,5,11,2,10,6,9,3,1,]
12-1-0.001000-[5,0,10,4,6,1,9,11,8,2,7,3,]
12-30-0.031000-[8,5,1,4,11,7,3,10,6,9,0,2,]
12-15-0.019000-[4,8,0,9,1,10,5,7,2,11,3,6,]
12-18-0.019000-[9,1,5,11,8,3,0,4,7,10,6,2,]
12-24-0.031000-[7,5,2,6,10,0,4,1,9,11,3,8,]
12-3-0.004000-[1,8,4,2,7,10,6,11,0,5,3,9,]
12-36-0.050000-[7,3,0,11,8,4,9,1,5,2,10,6,]
12-63-0.086000-[10,6,3,1,8,11,5,2,0,9,7,4,]
12-1-0.001000-[7,2,11,9,6,3,0,10,8,5,1,4,]
12-10-0.014000-[6,2,11,5,8,4,9,0,3,1,10,7,]
12-8-0.010000-[2,4,9,1,10,5,11,0,7,3,6,8,]
12-18-0.024000-[5,8,0,4,10,7,9,11,3,1,6,2,]
12-31-0.047000-[9,3,5,11,8,0,4,1,7,10,6,2,]
12-32-0.040000-[5,11,0,7,4,1,8,10,3,6,9,2,]
12-8-0.011000-[6,4,1,8,11,2,10,5,9,0,3,7,]
12-11-0.016000-[11,0,5,7,2,10,8,1,4,9,3,6,]
12-4-0.004000-[4,8,1,5,10,0,7,3,11,6,2,9,]
12-13-0.015000-[5,8,0,9,4,2,7,11,3,1,6,10,]
12-9-0.012000-[8,3,0,7,11,2,6,10,1,4,9,5,]
12-30-0.039000-[7,3,10,0,5,1,4,11,8,2,9,6,]
12-4-0.003000-[5,8,11,3,0,9,4,1,7,10,2,6,]
12-20-0.025000-[6,10,2,11,1,7,9,3,0,4,8,5,]
12-13-0.019000-[6,8,0,4,1,9,11,3,7,2,10,5,]
12-14-0.019000-[4,6,1,9,5,0,8,10,2,7,3,11,]
12-22-0.024000-[4,2,7,11,1,8,0,5,3,9,6,10,]
12-4-0.005000-[6,8,1,11,4,0,9,5,2,10,3,7,]
12-2-0.003000-[8,4,7,9,0,5,1,6,10,2,11,3,]
12-7-0.007000-[2,0,9,6,10,5,1,11,4,7,3,8,]
12-11-0.013000-[5,7,9,0,8,4,1,10,2,11,6,3,]
12-9-0.010000-[3,7,4,1,8,6,11,0,2,9,5,10,]
12-35-0.049000-[6,4,9,0,5,10,8,11,2,7,3,1,]
12-4-0.004000-[8,6,0,9,1,4,7,3,10,2,5,11,]
12-6-0.007000-[5,7,10,4,11,1,3,9,6,8,0,2,]
12-19-0.025000-[9,7,5,2,8,10,0,4,6,1,3,11,]
12-1-0.002000-[3,8,4,9,1,5,11,0,7,10,6,2,]
12-6-0.008000-[11,8,4,9,1,3,7,0,2,5,10,6,]
12-3-0.004000-[2,7,10,3,0,8,4,11,1,6,9,5,]
12-44-0.062000-[7,4,10,0,9,6,2,11,1,8,5,3,]
12-38-0.044000-[7,9,4,2,8,11,3,1,6,10,5,0,]
12-19-0.024000-[6,4,7,0,11,5,8,1,3,10,2,9,]
12-16-0.019000-[8,3,5,0,11,9,4,6,1,10,2,7,]
12-7-0.011000-[9,11,2,4,6,0,10,1,7,5,3,8,]
12-40-0.054000-[5,0,10,6,4,9,1,8,2,11,3,7,]
12-9-0.012000-[6,4,11,7,0,3,1,8,10,2,9,5,]
12-26-0.039000-[6,0,5,8,11,3,10,2,9,1,4,7,]
12-2-0.004000-[1,3,7,11,8,2,5,10,0,4,6,9,]
12-5-0.007000-[3,1,6,8,11,4,0,9,5,10,2,7,]
12-1-0.001000-[2,4,10,3,5,9,11,0,7,1,6,8,]
12-33-0.039000-[3,5,11,1,10,7,2,4,8,0,9,6,]
12-11-0.016000-[3,8,0,11,6,10,5,1,9,4,2,7,]
12-5-0.006000-[3,8,4,7,10,2,11,6,0,9,1,5,]
12-11-0.012000-[3,6,8,10,1,4,2,11,9,7,5,0,]
12-23-0.030000-[11,6,1,7,2,8,3,9,0,5,10,4,]
12-19-0.025000-[5,1,8,10,3,6,9,2,0,11,4,7,]
12-11-0.014000-[2,6,1,11,8,5,9,4,0,10,3,7,]
12-9-0.011000-[6,4,9,1,5,10,8,11,0,3,7,2,]
12-9-0.009000-[2,4,10,7,11,3,0,6,9,5,1,8,]
12-12-0.016000-[3,5,8,10,1,6,11,2,0,7,9,4,]
12-8-0.011000-[7,9,4,2,0,8,11,5,1,6,10,3,]
12-54-0.075000-[2,5,7,0,10,6,9,1,4,8,3,11,]
12-9-0.016000-[9,6,4,0,10,3,7,11,2,8,5,1,]
12-24-0.032000-[11,7,3,10,0,2,9,5,8,1,4,6,]
12-30-0.040000-[9,4,2,10,3,7,0,11,6,1,5,8,]
12-19-0.022000-[8,1,5,7,2,0,11,9,4,6,3,10,]
12-9-0.011000-[9,1,6,2,7,11,4,0,10,3,5,8,]
12-20-0.025000-[2,8,3,7,9,11,6,10,0,5,1,4,]
12-36-0.046000-[2,7,3,6,8,1,11,0,5,9,4,10,]
12-31-0.045000-[5,3,1,11,8,6,9,0,2,4,10,7,]
12-20-0.022000-[6,1,5,10,8,0,11,3,7,2,4,9,]
12-6-0.005000-[6,1,7,5,11,2,10,3,9,4,8,0,]
12-2-0.001000-[5,8,10,4,0,3,9,7,2,11,1,6,]
12-4-0.003000-[0,7,11,8,3,9,4,10,1,6,2,5,]
12-5-0.005000-[4,7,5,0,11,1,6,9,2,10,8,3,]
12-18-0.025000-[5,8,0,11,7,2,10,1,4,9,3,6,]
12-27-0.039000-[6,1,11,8,3,9,2,5,10,0,7,4,]
12-9-0.012000-[7,1,3,8,10,4,9,5,0,11,6,2,]
12-11-0.016000-[1,5,10,2,4,8,11,9,3,6,0,7,]
12-44-0.064000-[5,10,1,6,2,11,8,3,0,9,7,4,]
12-27-0.036000-[2,9,6,4,1,10,0,5,11,8,3,7,]
12-2-0.003000-[4,1,8,11,3,7,0,2,5,10,6,9,]
12-24-0.035000-[0,8,3,7,10,2,5,1,11,4,6,9,]
12-17-0.021000-[4,10,8,3,5,0,9,1,6,11,7,2,]
12-18-0.023000-[7,5,1,9,0,6,3,10,2,11,8,4,]
12-16-0.022000-[6,2,5,10,1,7,11,3,8,0,4,9,]
12-9-0.013000-[8,4,7,3,11,6,10,0,2,5,9,1,]
12-22-0.029000-[10,6,4,2,5,11,9,7,0,3,1,8,]
12-28-0.037000-[9,3,0,2,10,1,6,8,11,4,7,5,]
12-10-0.013000-[3,9,11,4,0,7,10,1,6,2,5,8,]
12-3-0.004000-[6,8,10,4,1,9,11,3,0,7,5,2,]
12-9-0.010000-[4,0,5,9,11,1,3,7,2,10,8,6,]
12-72-0.098000-[4,8,0,5,3,11,9,7,2,10,1,6,]
12-19-0.026000-[4,9,7,2,11,3,8,0,5,10,1,6,]
12-24-0.029000-[3,5,10,8,4,11,1,6,2,0,7,9,]
12-21-0.025000-[5,7,11,1,6,2,10,8,4,0,9,3,]
12-41-0.075000-[2,6,1,7,10,8,3,5,0,9,11,4,]
12-24-0.047000-[1,9,4,6,11,3,10,0,5,8,2,7,]
12-15-0.024000-[0,4,1,8,10,7,2,11,9,6,3,5,]
12-4-0.006000-[9,6,2,7,11,0,5,1,4,10,8,3,]
12-34-0.052000-[8,5,2,6,10,0,11,4,7,1,3,9,]
12-28-0.036000-[4,1,5,8,10,3,0,6,9,11,2,7,]
12-20-0.032000-[4,0,5,11,6,10,7,2,8,3,1,9,]
12-9-0.015000-[7,0,10,1,5,8,2,9,3,6,4,11,]
12-17-0.023000-[2,4,8,0,9,3,6,11,7,10,1,5,]
12-15-0.018000-[6,2,5,7,4,0,11,9,1,3,8,10,]
12-14-0.017000-[3,5,0,8,10,2,7,1,4,11,9,6,]
12-11-0.013000-[8,4,1,7,2,6,11,9,5,0,10,3,]
12-20-0.022000-[6,3,10,8,1,4,2,0,9,7,5,11,]
12-6-0.009000-[5,3,11,7,10,2,6,1,9,0,8,4,]
12-4-0.005000-[6,0,2,10,7,3,11,9,4,1,5,8,]
12-20-0.026000-[5,2,4,10,0,11,9,7,1,3,8,6,]
12-8-0.010000-[9,6,0,3,10,7,2,8,11,4,1,5,]
12-3-0.005000-[9,1,6,4,11,0,8,3,5,7,2,10,]
12-21-0.023000-[4,8,10,0,3,5,7,1,11,2,6,9,]
12-9-0.011000-[5,0,6,3,11,8,4,9,1,10,2,7,]
12-19-0.025000-[9,5,8,10,0,2,6,1,3,7,11,4,]
12-18-0.023000-[2,0,9,6,8,10,1,3,5,7,4,11,]
12-2-0.002000-[4,6,9,0,10,7,2,8,11,1,3,5,]
12-36-0.058000-[6,3,10,8,1,5,2,0,7,4,11,9,]
12-9-0.014000-[3,8,10,2,9,1,4,7,0,6,11,5,]
12-89-0.104000-[10,3,9,2,4,1,7,11,6,0,5,8,]
12-19-0.026000-[2,6,1,9,0,5,10,8,11,4,7,3,]
12-31-0.039000-[2,10,5,11,8,0,4,1,9,6,3,7,]
12-22-0.032000-[4,7,1,10,6,0,9,5,8,2,11,3,]
12-7-0.009000-[3,8,6,9,2,0,5,7,10,1,11,4,]
12-65-0.081000-[3,7,11,2,6,9,0,4,8,10,5,1,]
12-1-0.001000-[1,6,2,10,8,4,9,3,0,11,7,5,]
12-6-0.007000-[6,1,3,10,8,2,4,9,11,0,5,7,]
12-39-0.049000-[1,10,7,2,4,11,9,0,5,3,8,6,]
12-3-0.005000-[4,7,11,2,6,10,3,0,9,5,8,1,]
12-2-0.003000-[2,10,7,4,1,3,9,11,8,5,0,6,]
12-7-0.008000-[4,6,9,0,5,1,8,10,2,7,3,11,]
12-6-0.007000-[4,7,11,3,5,0,8,10,2,6,1,9,]
12-17-0.022000-[6,8,2,7,1,3,11,0,10,4,9,5,]
12-12-0.016000-[3,6,9,1,8,11,7,2,10,5,0,4,]
12-23-0.031000-[4,9,5,0,11,6,2,7,10,8,3,1,]
12-56-0.074000-[1,6,10,7,0,3,8,4,11,9,5,2,]
12-26-0.035000-[6,4,2,10,5,9,1,3,7,11,8,0,]
12-26-0.036000-[3,7,11,1,6,4,10,0,9,5,2,8,]
12-47-0.063000-[9,5,1,4,7,10,6,3,0,11,8,2,]
12-32-0.041000-[2,6,9,11,4,0,3,10,7,1,8,5,]
12-6-0.007000-[3,6,9,1,5,7,2,11,8,4,0,10,]
12-51-0.069000-[2,8,11,7,3,1,9,5,0,10,4,6,]
12-11-0.010000-[4,2,9,3,10,8,11,5,1,6,0,7,]
12-21-0.025000-[4,8,1,5,10,0,6,3,11,2,7,9,]
12-8-0.009000-[9,1,8,2,11,7,10,4,0,5,3,6,]
12-1-0.001000-[1,9,7,2,10,8,0,5,3,11,6,4,]
12-11-0.012000-[4,2,11,6,10,1,5,0,8,3,7,9,]
12-10-0.011000-[10,5,0,6,3,11,2,7,9,4,1,8,]
12-24-0.041000-[6,3,1,11,7,5,10,0,9,4,2,8,]
12-44-0.062000-[0,4,7,5,11,1,10,6,9,2,8,3,]
12-9-0.011000-[5,0,10,7,2,8,3,1,9,11,6,4,]
12-1-0.001000-[6,4,9,1,3,7,10,2,0,5,11,8,]
12-6-0.007000-[0,10,8,4,2,9,11,6,1,3,5,7,]
12-67-0.070000-[4,6,0,3,11,8,5,9,2,10,7,1,]
12-4-0.005000-[4,0,7,10,6,1,9,5,8,2,11,3,]
12-42-0.043000-[1,8,4,11,7,3,10,0,5,9,2,6,]
12-27-0.033000-[4,10,5,11,9,3,0,2,7,1,6,8,]
12-18-0.019000-[9,4,0,8,3,11,7,1,10,5,2,6,]
12-90-0.103000-[10,5,7,4,11,0,2,6,8,3,1,9,]
12-18-0.022000-[6,2,0,8,11,4,1,9,5,3,10,7,]
12-55-0.051000-[9,4,2,5,10,6,0,11,7,1,3,8,]
12-18-0.019000-[4,0,9,6,10,2,7,3,8,11,5,1,]
12-2-0.002000-[5,1,4,6,11,9,7,3,0,2,8,10,]
12-13-0.015000-[10,5,3,1,9,11,8,4,7,0,2,6,]
12-7-0.010000-[8,2,7,1,3,9,0,10,5,11,6,4,]
12-29-0.034000-[2,4,6,11,9,1,3,0,7,10,8,5,]
12-19-0.034000-[6,0,11,4,7,10,8,3,1,9,2,5,]
12-27-0.042000-[5,8,2,4,6,1,9,11,0,7,3,10,]
12-2-0.003000-[8,1,3,10,6,9,11,4,7,0,2,5,]
12-13-0.018000-[1,10,7,3,6,9,2,0,11,4,8,5,]
12-19-0.043000-[8,2,4,7,11,0,3,10,6,9,1,5,]
12-20-0.027000-[3,8,6,9,0,2,5,7,10,1,11,4,]
12-9-0.012000-[6,3,9,0,4,10,7,11,1,8,2,5,]
12-2-0.002000-[9,5,3,0,10,7,2,6,11,1,8,4,]
12-20-0.030000-[5,7,2,0,6,4,10,8,11,3,1,9,]
12-14-0.022000-[6,10,7,5,1,9,4,0,8,3,11,2,]
12-43-0.056000-[5,11,6,1,7,2,0,8,10,4,9,3,]
12-7-0.010000-[10,6,9,5,1,8,0,2,4,7,11,3,]
12-2-0.002000-[3,7,9,1,5,10,8,0,2,4,6,11,]
12-20-0.023000-[7,4,6,0,2,11,8,3,1,9,5,10,]
12-6-0.006000-[10,6,4,9,0,3,7,2,11,8,1,5,]
12-24-0.029000-[4,7,10,8,3,5,0,9,1,6,11,2,]
12-4-0.008000-[3,5,8,11,0,4,7,1,10,6,2,9,]
12-5-0.005000-[4,7,3,8,11,2,0,5,1,9,6,10,]
12-56-0.078000-[5,11,9,1,3,8,10,2,0,6,4,7,]
12-2-0.003000-[4,6,11,0,7,5,2,9,1,3,8,10,]
12-63-0.082000-[2,6,8,11,0,3,7,4,1,9,5,10,]
12-10-0.014000-[10,7,0,2,5,8,11,9,4,6,1,3,]
12-27-0.035000-[1,4,10,8,2,9,3,6,0,11,5,7,]
12-53-0.059000-[5,10,2,4,8,3,9,6,1,11,0,7,]
12-42-0.055000-[10,5,11,4,7,0,2,9,1,6,8,3,]
12-8-0.007000-[8,2,5,10,0,11,4,7,1,3,9,6,]
12-8-0.007000-[4,7,9,3,1,8,11,0,6,10,2,5,]
12-56-0.058000-[4,7,0,11,1,6,9,3,10,8,2,5,]
12-47-0.048000-[8,3,1,7,5,10,0,4,11,9,2,6,]
12-15-0.021000-[11,5,2,9,6,4,1,10,0,7,3,8,]
12-11-0.011000-[8,5,2,6,9,11,4,0,7,10,1,3,]
12-42-0.037000-[2,7,3,8,11,1,10,0,5,9,4,6,]
12-11-0.010000-[8,5,3,6,10,7,11,0,2,4,1,9,]
12-3-0.003000-[4,6,9,2,10,5,0,8,11,7,3,1,]
12-19-0.022000-[7,0,11,6,10,1,4,8,3,9,2,5,]
12-1-0.001000-[3,1,10,7,9,0,2,4,6,8,11,5,]
12-69-0.067000-[2,6,11,3,7,0,10,5,9,1,4,8,]
12-22-0.025000-[7,3,1,9,2,5,10,8,11,0,4,6,]
12-23-0.030000-[0,5,11,9,3,6,2,10,1,7,4,8,]
12-9-0.013000-[1,5,7,0,11,8,6,3,10,2,4,9,]
12-18-0.020000-[7,11,4,1,9,5,3,8,0,2,6,10,]
12-3-0.004000-[5,3,6,11,2,4,9,0,8,10,1,7,]
12-20-0.022000-[1,5,11,8,10,3,6,9,2,0,7,4,]
12-15-0.018000-[5,7,10,3,11,4,1,9,6,2,0,8,]
12-16-0.021000-[0,2,5,10,8,3,11,9,1,6,4,7,]
12-8-0.009000-[4,9,1,8,10,3,7,0,11,6,2,5,]
12-40-0.062000-[5,1,9,0,6,3,10,2,11,8,4,7,]
12-33-0.044000-[10,0,5,8,1,3,6,2,9,11,4,7,]
12-27-0.037000-[9,0,6,8,2,7,1,3,5,10,4,11,]
12-5-0.007000-[8,3,7,9,2,0,10,6,11,5,1,4,]
12-10-0.012000-[2,4,8,10,0,3,11,7,1,6,9,5,]
12-27-0.030000-[7,5,0,9,4,6,8,2,11,1,3,10,]
12-15-0.019000-[3,6,8,11,2,7,10,1,5,0,9,4,]
12-15-0.017000-[6,3,5,0,11,4,10,7,9,1,8,2,]
12-13-0.014000-[4,6,10,3,11,0,8,1,5,2,9,7,]
12-33-0.041000-[8,4,9,1,10,2,6,3,7,0,11,5,]
12-14-0.016000-[7,5,3,11,0,10,4,1,8,2,9,6,]
12-7-0.007000-[8,2,7,10,1,9,0,5,3,11,6,4,]
12-20-0.026000-[5,2,8,10,0,4,1,9,6,3,7,11,]
12-30-0.037000-[9,7,2,4,11,8,0,5,3,1,6,10,]
12-32-0.044000-[10,4,7,3,11,9,1,6,0,2,8,5,]
12-27-0.036000-[0,5,7,9,11,8,1,4,2,10,6,3,]
12-45-0.058000-[6,4,0,11,9,5,2,8,1,3,7,10,]
12-11-0.014000-[3,8,2,11,1,6,10,5,0,4,9,7,]
12-89-0.114000-[6,2,9,11,3,7,10,1,5,0,8,4,]
12-33-0.043000-[10,6,1,11,7,0,2,9,5,3,8,4,]
12-16-0.020000-[3,9,6,2,5,1,11,0,10,7,4,8,]
12-40-0.049000-[0,6,9,5,10,1,4,8,11,3,7,2,]
12-14-0.016000-[0,9,4,2,8,11,3,1,6,10,5,7,]
12-21-0.026000-[0,11,1,8,6,3,9,2,5,10,4,7,]
12-24-0.029000-[8,6,1,9,2,5,10,4,11,0,3,7,]
12-9-0.010000-[1,11,4,7,10,2,9,6,3,0,8,5,]
12-93-0.136000-[11,7,1,4,6,0,3,10,8,5,2,9,]
12-25-0.030000-[7,1,4,8,10,3,9,11,5,0,2,6,]
12-15-0.016000-[9,3,1,8,11,5,10,0,6,4,2,7,]
12-41-0.054000-[6,0,2,5,11,9,1,10,4,7,3,8,]
12-21-0.026000-[5,8,6,0,3,11,7,10,2,9,1,4,]
12-22-0.025000-[5,8,6,11,0,2,4,9,7,10,3,1,]
12-2-0.002000-[8,2,9,1,6,4,11,0,5,3,10,7,]
12-34-0.039000-[2,5,11,9,3,0,4,10,8,6,1,7,]
12-22-0.023000-[4,2,7,10,3,1,8,5,11,9,0,6,]
12-10-0.011000-[9,6,10,0,4,1,7,11,2,8,5,3,]
12-19-0.022000-[4,7,5,0,11,6,8,3,1,9,2,10,]
12-13-0.015000-[5,1,10,7,3,8,0,2,9,11,6,4,]
12-4-0.005000-[6,9,3,0,8,4,11,1,10,7,5,2,]
12-11-0.016000-[9,1,6,4,11,0,5,10,2,7,3,8,]
12-49-0.058000-[6,9,1,4,8,10,2,7,11,0,3,5,]
12-19-0.022000-[11,7,0,4,1,9,6,2,10,8,3,5,]
12-5-0.005000-[3,5,9,1,4,10,8,6,2,0,11,7,]
12-27-0.037000-[4,8,10,3,9,2,5,1,11,7,0,6,]
12-17-0.022000-[8,5,3,0,10,7,11,6,2,9,1,4,]
12-3-0.004000-[6,1,7,4,8,0,2,10,5,11,9,3,]
12-26-0.036000-[9,7,5,2,8,10,0,4,6,1,3,11,]
12-10-0.013000-[8,4,7,1,10,5,0,11,3,6,9,2,]
12-29-0.030000-[3,9,4,1,8,6,11,0,7,5,10,2,]
12-10-0.010000-[1,6,11,5,10,4,0,3,8,2,7,9,]
12-2-0.003000-[3,5,10,1,6,11,2,0,7,9,4,8,]
12-6-0.007000-[6,3,9,0,4,10,1,5,2,8,11,7,]
12-29-0.031000-[6,2,0,10,3,9,11,4,8,1,5,7,]
12-14-0.019000-[7,0,6,3,5,11,8,10,2,4,1,9,]
12-6-0.007000-[5,8,0,9,4,1,10,6,2,11,7,3,]
12-17-0.021000-[4,8,3,11,7,10,1,5,0,9,6,2,]
12-37-0.049000-[7,3,8,0,9,4,10,1,6,2,5,11,]
12-8-0.010000-[3,1,10,8,5,2,0,11,7,4,6,9,]
12-9-0.010000-[3,7,0,2,9,5,10,8,4,11,1,6,]
12-3-0.004000-[9,3,5,2,8,10,0,4,6,1,11,7,]
12-7-0.009000-[11,5,0,6,4,10,1,9,2,8,3,7,]
12-15-0.017000-[8,4,11,0,6,1,5,2,9,7,10,3,]
12-18-0.024000-[8,2,5,3,11,9,4,6,10,0,7,1,]
12-29-0.041000-[6,3,10,4,1,8,11,7,0,2,9,5,]
12-1-0.001000-[11,3,5,7,1,10,2,6,8,0,4,9,]
12-4-0.004000-[8,0,2,10,1,6,4,9,11,3,5,7,]
12-17-0.021000-[5,2,11,6,8,1,4,0,3,9,7,10,]
12-15-0.020000-[4,10,5,3,9,11,2,8,6,0,7,1,]
12-12-0.014000-[3,9,2,5,10,6,11,0,7,4,8,1,]
12-6-0.009000-[4,6,0,9,11,5,8,1,3,10,7,2,]
12-41-0.060000-[10,5,2,6,3,7,11,8,0,4,1,9,]
12-6-0.009000-[6,9,0,5,3,10,7,11,8,2,4,1,]
12-37-0.050000-[4,1,9,2,5,11,8,10,0,6,3,7,]
12-61-0.089000-[5,2,6,1,10,4,9,3,8,11,7,0,]
12-4-0.007000-[7,2,10,8,0,11,4,6,1,9,5,3,]
12-2-0.003000-[5,3,8,6,11,1,10,7,9,4,2,0,]
12-25-0.032000-[1,3,10,7,9,4,2,0,11,6,8,5,]
12-3-0.004000-[10,4,6,1,11,7,3,0,8,5,9,2,]
12-19-0.031000-[5,7,0,11,8,4,1,3,9,6,10,2,]
12-29-0.035000-[4,0,11,8,6,3,9,7,1,10,2,5,]
12-15-0.019000-[3,8,11,2,10,7,4,0,9,6,1,5,]
12-93-0.142000-[2,6,10,0,4,11,7,3,1,8,5,9,]
12-4-0.006000-[8,5,0,10,7,4,1,3,9,6,2,11,]
12-91-0.114000-[4,10,3,5,11,8,0,2,6,9,7,1,]
12-1-0.001000-[8,5,2,10,3,0,4,9,11,6,1,7,]
12-1-0.001000-[1,3,6,8,10,4,0,5,11,9,7,2,]
12-16-0.021000-[4,7,1,6,11,5,8,0,3,10,2,9,]
12-12-0.016000-[10,6,9,0,2,11,7,1,4,8,5,3,]
12-25-0.035000-[4,9,1,8,11,3,0,7,5,10,2,6,]
12-29-0.039000-[6,8,5,11,0,10,4,1,3,9,7,2,]
12-3-0.003000-[10,8,5,3,1,7,11,6,0,2,4,9,]
12-11-0.010000-[5,0,9,4,10,7,2,11,8,1,3,6,]
12-4-0.005000-[8,1,7,4,2,0,9,11,5,3,6,10,]
12-38-0.040000-[4,8,5,0,2,10,6,9,3,1,11,7,]
12-58-0.053000-[1,6,8,10,0,9,5,2,11,3,7,4,]
12-24-0.021000-[7,3,8,0,2,6,11,1,4,9,5,10,]
12-42-0.044000-[7,4,6,1,5,10,0,3,8,11,9,2,]
12-2-0.003000-[7,0,4,8,10,3,9,2,5,1,6,11,]
12-5-0.006000-[9,4,6,8,2,11,1,7,5,3,0,10,]
12-12-0.013000-[8,3,7,2,11,9,4,0,5,10,6,1,]
12-23-0.024000-[4,6,9,0,2,5,8,10,1,3,11,7,]
12-11-0.014000-[3,7,4,10,1,6,11,0,8,5,2,9,]
12-27-0.027000-[4,8,10,3,9,6,2,0,11,1,7,5,]
12-12-0.014000-[7,1,6,11,2,0,9,4,10,8,3,5,]
12-16-0.017000-[11,6,3,9,4,1,8,2,5,7,0,10,]
12-7-0.006000-[8,10,3,9,2,5,1,6,11,0,7,4,]
12-37-0.046000-[7,3,11,0,10,5,9,1,4,2,8,6,]
12-22-0.031000-[6,2,9,5,8,0,3,10,7,1,4,11,]
12-30-0.038000-[3,1,6,2,9,11,4,8,10,5,7,0,]
12-1-0.001000-[2,6,3,9,7,1,4,11,8,0,5,10,]
12-9-0.014000-[7,2,10,1,9,5,0,4,11,8,6,3,]
12-3-0.005000-[7,5,0,11,9,6,3,1,10,8,2,4,]
12-4-0.009000-[2,8,5,11,9,3,0,4,7,1,10,6,]
12-15-0.023000-[2,6,11,9,1,3,5,10,8,0,4,7,]
12-4-0.007000-[3,5,9,1,4,10,7,0,2,11,6,8,]
12-18-0.027000-[8,4,9,0,5,1,6,11,2,7,3,10,]
12-40-0.048000-[4,11,3,10,6,2,0,7,1,8,5,9,]
12-16-0.022000-[4,6,0,9,11,5,8,1,3,10,7,2,]
12-22-0.038000-[5,7,11,1,8,2,9,3,10,0,4,6,]
12-9-0.012000-[9,2,5,7,1,10,0,6,4,11,8,3,]
12-26-0.040000-[5,2,11,6,10,3,0,4,8,1,9,7,]
12-15-0.017000-[3,1,6,4,9,11,8,5,2,0,7,10,]
12-6-0.007000-[1,6,0,5,8,11,3,10,7,9,4,2,]
12-37-0.049000-[7,4,10,5,9,1,3,11,8,2,0,6,]
12-46-0.062000-[4,9,5,2,11,1,3,7,0,10,8,6,]
12-14-0.018000-[8,2,4,1,9,11,6,0,3,5,7,10,]
12-5-0.007000-[1,11,5,7,2,10,8,4,0,9,3,6,]
12-3-0.006000-[10,1,7,4,0,11,8,5,3,6,9,2,]
12-37-0.052000-[2,5,11,0,7,10,6,3,1,8,4,9,]
12-86-0.114000-[2,8,3,9,7,5,1,11,0,6,4,10,]
12-34-0.040000-[4,2,0,9,6,10,1,7,11,8,3,5,]
12-3-0.005000-[6,0,5,1,11,7,10,3,9,2,4,8,]
12-41-0.057000-[7,5,1,8,10,3,6,2,9,11,0,4,]
12-1-0.001000-[4,9,1,5,10,2,0,8,11,7,3,6,]
12-16-0.021000-[10,1,9,6,0,3,8,11,7,4,2,5,]
12-7-0.012000-[9,2,10,5,3,8,0,11,6,1,7,4,]
12-41-0.056000-[7,11,0,3,6,4,10,1,9,2,5,8,]
12-24-0.032000-[10,5,2,9,7,0,3,1,6,8,11,4,]
12-2-0.003000-[5,11,4,7,0,2,9,6,8,10,1,3,]
12-26-0.033000-[2,6,11,9,5,1,10,7,3,8,0,4,]
12-6-0.008000-[2,0,9,6,8,10,1,3,5,7,4,11,]
12-6-0.008000-[2,8,1,9,4,10,0,3,5,7,11,6,]
12-39-0.051000-[7,4,6,0,10,1,5,2,8,3,11,9,]
12-12-0.020000-[1,4,9,11,6,3,0,2,5,8,10,7,]
12-2-0.003000-[8,4,1,3,11,9,7,5,10,2,0,6,]
12-63-0.103000-[2,10,7,11,4,1,9,0,5,3,8,6,]
12-31-0.038000-[11,6,0,2,8,5,9,1,10,4,7,3,]
12-190-0.256000-[9,4,8,3,0,10,1,11,6,2,7,5,]
12-7-0.009000-[5,2,4,1,8,11,9,6,3,0,10,7,]
12-60-0.091000-[3,10,6,2,9,11,0,7,4,1,5,8,]
12-25-0.032000-[5,0,2,6,11,7,10,3,9,4,1,8,]
12-7-0.011000-[8,5,0,2,10,6,9,3,1,4,7,11,]
12-6-0.008000-[4,8,0,5,1,11,9,6,3,10,2,7,]
12-20-0.022000-[5,2,11,9,3,1,8,4,0,7,10,6,]
12-3-0.003000-[2,4,10,8,5,11,1,7,0,6,3,9,]
12-18-0.020000-[10,1,6,8,2,4,9,0,5,3,11,7,]
12-9-0.010000-[2,4,11,8,10,1,3,5,7,9,0,6,]
12-2-0.002000-[0,4,11,7,10,6,2,9,1,3,5,8,]
12-45-0.046000-[9,5,8,4,11,0,6,1,10,2,7,3,]
12-21-0.025000-[4,6,11,0,7,5,2,9,1,3,8,10,]
12-22-0.024000-[9,0,4,1,7,11,2,8,5,3,10,6,]
12-10-0.010000-[1,3,7,10,2,9,6,4,11,8,0,5,]
12-1-0.001000-[4,11,1,6,2,10,8,3,0,9,7,5,]
12-27-0.027000-[7,3,11,0,10,6,9,2,4,1,8,5,]
12-28-0.028000-[8,4,7,1,6,2,0,11,9,5,3,10,]
12-37-0.041000-[7,9,4,2,0,11,6,1,5,10,8,3,]
12-49-0.061000-[3,5,9,11,1,10,4,6,8,0,2,7,]
12-15-0.018000-[0,5,10,6,9,2,4,1,3,8,11,7,]
12-46-0.057000-[6,8,0,5,9,2,10,7,3,1,11,4,]
12-18-0.023000-[3,11,2,5,9,4,10,8,6,1,7,0,]
12-28-0.040000-[0,4,7,11,8,1,5,9,2,10,3,6,]
12-25-0.037000-[2,8,3,0,10,5,11,1,7,4,6,9,]
12-20-0.022000-[11,6,3,10,8,1,4,2,0,9,7,5,]
12-6-0.007000-[9,7,4,0,11,8,1,5,2,10,6,3,]
12-9-0.010000-[6,4,10,5,0,9,11,2,7,1,3,8,]
12-1-0.000000-[7,11,6,0,5,1,4,10,8,2,9,3,]
12-3-0.003000-[5,9,6,1,11,4,8,0,3,10,7,2,]
12-9-0.010000-[1,3,7,2,10,5,9,11,0,4,6,8,]
12-16-0.022000-[5,2,9,7,3,11,8,1,4,0,10,6,]
12-8-0.010000-[3,8,6,2,0,10,4,7,9,11,1,5,]
12-22-0.029000-[2,6,11,7,5,0,9,1,4,8,10,3,]
12-36-0.044000-[5,7,4,11,0,6,1,10,2,9,3,8,]
12-16-0.022000-[7,5,8,0,9,4,6,1,10,2,11,3,]
12-3-0.003000-[7,0,8,5,9,1,3,11,6,10,2,4,]
12-9-0.011000-[3,1,6,8,11,4,7,0,10,5,2,9,]
12-3-0.004000-[8,1,11,2,6,9,0,5,3,10,7,4,]
12-4-0.006000-[1,5,2,10,7,0,11,9,4,6,8,3,]
12-40-0.048000-[3,8,11,7,0,10,1,4,6,9,2,5,]
12-8-0.010000-[2,7,3,8,11,9,0,5,1,4,6,10,]
12-16-0.020000-[3,1,4,10,8,6,11,2,7,5,0,9,]
12-10-0.014000-[2,6,10,3,0,11,5,8,1,4,7,9,]
12-7-0.014000-[5,2,6,1,11,7,0,10,8,4,9,3,]
12-23-0.024000-[7,11,4,2,9,3,10,8,1,5,0,6,]
12-6-0.006000-[3,10,4,9,11,2,7,1,8,5,0,6,]
12-13-0.015000-[6,11,7,10,3,0,2,4,9,1,8,5,]
12-19-0.021000-[7,9,4,1,10,8,5,2,0,3,6,11,]
12-16-0.022000-[8,3,7,0,11,5,10,6,9,2,4,1,]
12-39-0.059000-[6,9,11,0,5,3,1,7,10,8,2,4,]
12-48-0.053000-[8,2,9,3,0,10,4,6,1,11,7,5,]
12-23-0.026000-[7,4,1,3,6,9,11,2,5,10,8,0,]
12-11-0.014000-[5,9,4,10,0,11,6,1,7,2,8,3,]
12-29-0.038000-[3,6,9,11,4,1,7,2,10,8,0,5,]
12-1-0.001000-[6,4,10,7,0,2,5,1,9,11,8,3,]
12-26-0.038000-[8,2,0,9,6,10,3,7,11,4,1,5,]
12-6-0.011000-[3,5,0,4,10,7,11,1,8,6,9,2,]
12-3-0.005000-[8,5,0,6,11,2,7,9,3,1,4,10,]
12-8-0.009000-[3,7,10,2,5,1,11,9,6,4,0,8,]
12-33-0.043000-[0,4,1,9,5,10,8,11,2,7,3,6,]
12-8-0.010000-[7,2,8,5,1,9,11,6,3,0,10,4,]
12-7-0.008000-[3,9,2,5,8,10,1,4,6,0,11,7,]
12-6-0.007000-[2,4,7,9,11,5,10,1,6,8,3,0,]
12-36-0.042000-[6,9,3,8,0,4,1,10,5,7,2,11,]
12-64-0.074000-[8,4,7,10,0,6,1,5,2,11,9,3,]
12-36-0.049000-[4,6,8,0,5,1,9,7,3,11,2,10,]
12-27-0.041000-[9,3,6,4,1,11,0,10,7,5,8,2,]
12-3-0.003000-[5,0,6,11,2,8,1,4,9,3,10,7,]
12-39-0.057000-[0,7,3,10,6,2,9,11,4,8,1,5,]
12-2-0.003000-[8,2,11,3,0,7,5,10,1,6,4,9,]
12-2-0.004000-[7,5,0,11,9,6,3,1,10,8,2,4,]
12-7-0.009000-[5,9,1,6,11,3,0,7,10,4,2,8,]
12-8-0.008000-[4,0,9,6,10,2,7,3,8,11,5,1,]
12-14-0.017000-[5,1,11,4,6,9,0,10,3,7,2,8,]
12-9-0.013000-[10,6,3,1,8,11,2,7,5,0,9,4,]
12-25-0.027000-[3,5,10,8,0,2,4,1,7,9,11,6,]
12-4-0.003000-[10,5,2,8,1,3,7,9,11,0,4,6,]
12-22-0.024000-[6,8,2,11,7,3,1,9,5,10,0,4,]
12-8-0.010000-[3,6,9,11,4,7,0,2,5,1,8,10,]
12-10-0.014000-[6,2,7,1,8,5,9,4,0,11,3,10,]
12-3-0.005000-[5,11,0,4,6,1,10,2,7,9,3,8,]
12-50-0.061000-[7,5,10,1,6,11,3,8,0,9,4,2,]
12-7-0.007000-[7,2,11,6,10,3,0,9,4,1,5,8,]
12-8-0.010000-[2,6,1,11,8,5,9,4,0,10,3,7,]
12-8-0.011000-[10,6,0,2,5,11,8,1,3,9,7,4,]
12-27-0.034000-[8,1,4,9,0,10,5,11,2,7,3,6,]
12-36-0.043000-[1,3,8,2,7,10,6,11,5,0,4,9,]
12-38-0.049000-[10,5,2,6,1,11,7,0,3,8,4,9,]
12-9-0.011000-[11,4,1,5,0,9,3,8,2,7,10,6,]
12-2-0.001000-[0,8,3,5,10,2,9,11,4,7,1,6,]
12-16-0.019000-[4,8,3,11,7,10,2,0,5,1,9,6,]
12-7-0.008000-[1,6,9,5,0,11,4,2,7,3,10,8,]
12-16-0.021000-[3,11,0,7,10,4,2,8,5,9,1,6,]
12-57-0.070000-[1,5,7,10,4,11,9,3,6,8,2,0,]
12-5-0.006000-[4,10,0,5,1,8,11,2,7,9,6,3,]
12-10-0.012000-[10,3,1,6,9,11,0,7,4,2,5,8,]
12-10-0.014000-[5,1,9,11,6,2,7,10,0,3,8,4,]
12-2-0.002000-[7,1,6,9,2,10,8,4,11,0,3,5,]
12-5-0.007000-[3,8,0,11,4,2,10,6,9,1,5,7,]
12-52-0.064000-[9,11,3,5,2,8,10,0,7,1,4,6,]
12-7-0.007000-[9,6,3,5,11,1,10,7,2,4,8,0,]
12-37-0.041000-[3,11,2,7,5,10,0,9,6,4,1,8,]
12-23-0.028000-[4,6,1,10,7,5,0,2,9,11,8,3,]
12-5-0.007000-[2,11,6,1,9,0,5,3,8,10,7,4,]
12-5-0.007000-[5,0,8,1,11,6,10,2,4,9,7,3,]
12-8-0.010000-[2,4,1,7,10,6,11,0,8,3,5,9,]
12-1-0.002000-[1,11,4,7,10,2,9,6,3,0,8,5,]
12-16-0.020000-[8,3,5,0,11,6,10,7,1,4,2,9,]
12-13-0.019000-[6,10,3,0,4,9,11,2,7,1,8,5,]
12-44-0.052000-[1,8,5,3,10,7,4,11,0,2,9,6,]
12-6-0.007000-[8,3,1,10,2,6,9,11,4,0,7,5,]
12-77-0.092000-[1,6,10,7,11,4,0,9,3,5,8,2,]
12-14-0.022000-[5,9,1,4,8,11,2,7,10,6,3,0,]
12-8-0.012000-[3,5,8,11,0,4,7,1,10,6,2,9,]
12-31-0.040000-[3,10,8,2,0,9,6,1,5,7,11,4,]
12-21-0.024000-[4,6,11,0,10,5,9,1,3,8,2,7,]
12-2-0.001000-[7,5,2,11,1,6,9,3,0,4,8,10,]
12-16-0.019000-[7,2,10,5,9,0,4,11,1,8,6,3,]
12-3-0.004000-[8,0,11,3,10,6,9,2,4,1,7,5,]
12-17-0.022000-[6,8,0,2,4,9,1,10,5,3,11,7,]
12-20-0.027000-[10,3,5,9,11,0,2,6,1,7,4,8,]
12-18-0.026000-[6,4,7,0,11,5,10,1,3,8,2,9,]
12-12-0.016000-[1,10,2,5,9,0,4,11,7,3,6,8,]
12-18-0.021000-[3,11,4,7,10,0,5,1,9,6,8,2,]
12-58-0.063000-[8,5,3,6,0,11,4,7,10,2,9,1,]
12-6-0.006000-[10,4,7,5,0,11,1,8,6,3,9,2,]
12-7-0.008000-[1,4,6,9,11,5,0,2,10,7,3,8,]
12-1-0.001000-[3,9,11,8,2,0,6,1,10,5,7,4,]
12-2-0.002000-[2,4,10,3,9,6,1,11,7,5,0,8,]
12-16-0.018000-[0,5,7,1,11,8,2,4,10,3,9,6,]
12-58-0.063000-[6,4,7,0,11,9,2,5,8,1,3,10,]
12-8-0.010000-[9,5,2,0,3,10,7,1,4,11,8,6,]
12-14-0.018000-[8,4,2,7,11,6,3,0,10,5,9,1,]
12-2-0.002000-[1,8,5,3,9,7,4,11,0,2,6,10,]
12-34-0.045000-[9,6,1,10,2,5,8,4,0,3,11,7,]
12-17-0.023000-[10,1,7,2,8,11,9,4,0,5,3,6,]
12-20-0.028000-[1,5,9,11,0,7,4,2,8,6,3,10,]
12-7-0.011000-[7,9,0,5,1,6,10,2,4,8,3,11,]
12-86-0.117000-[6,10,5,7,1,4,11,9,0,3,8,2,]
12-10-0.011000-[5,2,6,9,11,1,4,7,10,8,3,0,]
12-2-0.002000-[3,11,7,5,10,2,0,6,9,1,8,4,]
12-12-0.013000-[4,0,7,10,6,2,9,1,3,5,8,11,]
12-5-0.007000-[3,9,2,10,5,7,0,11,6,8,1,4,]
12-10-0.011000-[5,0,10,6,4,9,1,8,2,11,3,7,]
12-10-0.012000-[5,11,8,4,0,9,3,1,7,2,10,6,]
12-15-0.015000-[3,5,10,8,1,11,7,2,6,9,0,4,]
12-20-0.026000-[1,6,9,3,10,7,2,11,5,8,0,4,]
12-36-0.046000-[9,3,5,11,8,0,4,1,7,10,6,2,]
12-20-0.019000-[5,7,10,0,2,6,8,3,1,4,9,11,]
12-53-0.051000-[1,11,9,2,6,10,3,7,0,4,8,5,]
12-90-0.097000-[5,11,0,7,4,1,8,10,3,6,9,2,]
12-5-0.004000-[8,6,9,3,0,7,4,11,1,10,5,2,]
12-18-0.021000-[9,5,1,4,6,10,2,7,11,3,8,0,]
12-19-0.021000-[6,9,2,4,11,7,10,1,5,0,8,3,]
12-38-0.043000-[9,2,6,10,0,11,8,5,3,1,7,4,]
12-22-0.020000-[1,6,9,3,10,8,4,11,7,0,2,5,]
12-6-0.008000-[6,11,2,7,5,3,9,0,10,4,1,8,]
12-20-0.036000-[1,9,6,0,11,8,5,2,4,7,10,3,]
12-4-0.005000-[7,11,4,0,10,3,5,8,1,9,6,2,]
12-3-0.003000-[10,5,3,9,0,2,8,6,11,7,1,4,]
12-32-0.051000-[5,11,4,7,10,2,9,1,8,0,3,6,]
12-8-0.009000-[4,6,0,9,11,5,7,2,10,8,1,3,]
12-48-0.060000-[4,9,0,5,1,8,11,2,7,10,6,3,]
12-12-0.015000-[8,1,11,2,5,7,10,0,3,6,4,9,]
12-68-0.086000-[1,4,6,8,3,11,0,2,10,5,7,9,]
12-55-0.071000-[3,1,6,8,11,4,0,9,5,10,2,7,]
12-25-0.045000-[11,1,4,10,5,9,2,0,7,3,8,6,]
12-8-0.016000-[5,8,4,11,0,3,10,6,2,9,7,1,]
12-7-0.010000-[1,9,7,2,8,3,0,10,5,11,6,4,]
12-10-0.015000-[7,2,11,5,8,4,0,10,3,1,6,9,]
12-1-0.001000-[4,10,7,2,6,3,9,0,8,5,11,1,]
12-2-0.002000-[7,5,0,9,1,4,8,3,11,2,10,6,]
12-12-0.013000-[4,8,10,3,1,11,7,0,2,5,9,6,]
12-56-0.061000-[10,4,11,5,0,2,6,8,1,7,9,3,]
12-4-0.005000-[0,10,3,1,6,11,9,2,5,8,4,7,]
12-5-0.007000-[5,11,4,1,10,6,9,2,0,8,3,7,]
12-10-0.015000-[4,8,1,9,6,3,0,10,5,2,11,7,]
12-1-0.002000-[6,2,5,8,1,7,10,3,0,4,9,11,]
12-5-0.010000-[8,10,4,7,0,2,11,6,1,3,5,9,]
12-11-0.020000-[0,6,10,7,2,4,9,1,3,5,11,8,]
12-108-0.125000-[10,6,1,11,7,0,2,9,5,3,8,4,]
12-38-0.044000-[11,2,4,7,10,3,9,0,5,8,6,1,]
12-18-0.021000-[7,5,0,11,1,6,2,10,8,3,9,4,]
12-4-0.006000-[6,1,3,7,11,8,2,4,10,0,9,5,]
12-10-0.013000-[11,7,3,6,2,10,8,0,4,1,9,5,]
12-56-0.062000-[11,0,5,1,4,9,7,2,10,3,6,8,]
12-9-0.010000-[0,3,8,6,1,10,5,11,9,7,4,2,]
12-27-0.028000-[5,7,1,11,0,2,6,9,3,10,8,4,]
12-11-0.013000-[5,10,4,9,11,3,1,7,2,0,6,8,]
12-4-0.004000-[7,10,1,6,2,0,8,3,5,9,11,4,]
12-16-0.020000-[6,8,5,1,4,9,11,3,7,10,2,0,]
12-9-0.011000-[7,2,6,11,9,1,5,10,8,3,0,4,]
12-6-0.008000-[5,1,6,10,2,11,9,0,3,8,4,7,]
12-8-0.008000-[6,8,0,7,4,10,1,9,5,2,11,3,]
12-13-0.016000-[7,3,6,8,1,11,0,2,9,5,10,4,]
12-2-0.002000-[2,7,9,4,8,0,11,3,1,6,10,5,]
12-1-0.001000-[3,10,6,9,2,0,11,8,5,1,4,7,]
12-6-0.008000-[1,3,11,6,8,10,4,7,0,2,9,5,]
12-11-0.014000-[5,1,9,0,8,3,7,10,2,11,6,4,]
12-18-0.027000-[7,0,6,8,10,1,3,5,2,9,11,4,]
12-4-0.006000-[0,6,4,2,11,9,7,10,3,1,8,5,]
12-16-0.018000-[5,7,2,10,8,4,0,3,11,6,1,9,]
12-1-0.002000-[6,2,7,10,0,5,9,11,3,8,4,1,]
12-39-0.056000-[5,2,0,7,10,8,6,1,3,11,9,4,]
12-25-0.033000-[5,3,8,11,2,4,10,0,9,6,1,7,]
12-7-0.009000-[2,8,11,4,1,10,5,7,0,3,6,9,]
12-15-0.019000-[0,5,9,4,10,7,11,3,1,6,8,2,]
12-83-0.109000-[8,4,11,7,3,10,0,9,1,5,2,6,]
12-53-0.058000-[0,8,10,4,6,11,9,1,3,5,7,2,]
12-17-0.036000-[3,5,8,11,0,2,6,1,10,7,9,4,]
12-7-0.007000-[7,4,0,8,10,5,2,11,9,6,3,1,]
12-33-0.043000-[2,6,1,7,10,8,0,5,3,9,11,4,]
12-20-0.021000-[6,4,11,0,8,10,2,7,3,1,9,5,]
12-11-0.012000-[4,7,3,6,2,10,1,9,5,8,0,11,]
12-41-0.047000-[10,4,11,5,0,2,6,8,1,7,9,3,]
12-36-0.037000-[8,11,3,7,2,4,9,0,10,5,1,6,]
12-9-0.011000-[9,2,5,10,8,3,0,4,7,1,6,11,]
12-16-0.016000-[3,5,9,1,6,4,11,0,8,10,2,7,]
12-29-0.029000-[4,7,0,10,1,6,8,3,11,9,2,5,]
12-19-0.018000-[3,10,6,1,5,11,8,0,2,4,9,7,]
12-31-0.030000-[5,7,0,4,11,9,6,2,10,1,3,8,]
12-23-0.022000-[4,9,3,8,10,1,6,0,11,7,5,2,]
12-21-0.022000-[7,2,8,11,4,0,5,10,1,3,6,9,]
12-9-0.009000-[5,9,4,6,0,2,7,11,3,8,10,1,]
12-17-0.017000-[5,1,4,0,11,8,10,2,6,3,9,7,]
12-5-0.006000-[8,2,5,1,11,0,10,6,4,9,7,3,]
12-9-0.010000-[6,10,2,7,1,3,11,8,4,0,9,5,]
12-45-0.061000-[7,2,10,1,4,11,9,6,3,5,0,8,]
12-27-0.038000-[5,1,8,6,11,3,10,0,9,4,2,7,]
12-6-0.011000-[2,8,11,3,10,6,9,0,4,1,7,5,]
12-7-0.010000-[3,8,11,4,6,0,10,1,7,5,2,9,]
12-129-0.186000-[5,8,1,4,10,7,2,11,3,6,0,9,]
12-2-0.003000-[7,3,8,0,4,9,11,6,1,10,2,5,]
12-2-0.002000-[3,7,11,8,0,5,1,9,6,10,2,4,]
12-21-0.025000-[4,8,11,0,3,5,9,1,10,7,2,6,]
12-16-0.015000-[8,4,7,10,3,1,6,11,9,2,0,5,]
12-27-0.027000-[0,8,5,7,2,6,11,1,10,4,9,3,]
