6-5-0.001000-[1,3,5,0,2,4,]
6-10-0.001000-[2,5,1,4,0,3,]
6-26-0.005000-[4,2,0,5,3,1,]
6-14-0.002000-[3,0,4,1,5,2,]
6-1-0.000000-[4,2,0,5,3,1,]
6-3-0.001000-[3,0,4,1,5,2,]
6-13-0.003000-[4,2,0,5,3,1,]
6-20-0.004000-[4,2,0,5,3,1,]
6-5-0.001000-[3,0,4,1,5,2,]
6-3-0.001000-[4,2,0,5,3,1,]
6-18-0.003000-[2,5,1,4,0,3,]
6-25-0.005000-[3,0,4,1,5,2,]
6-2-0.000000-[4,2,0,5,3,1,]
6-2-0.000000-[3,0,4,1,5,2,]
6-10-0.001000-[3,0,4,1,5,2,]
6-1-0.000000-[2,5,1,4,0,3,]
6-2-0.000000-[2,5,1,4,0,3,]
6-7-0.000000-[4,2,0,5,3,1,]
6-7-0.000000-[1,3,5,0,2,4,]
6-8-0.001000-[2,5,1,4,0,3,]
6-7-0.001000-[3,0,4,1,5,2,]
6-12-0.001000-[2,5,1,4,0,3,]
6-2-0.000000-[3,0,4,1,5,2,]
6-2-0.000000-[1,3,5,0,2,4,]
6-12-0.001000-[3,0,4,1,5,2,]
6-1-0.000000-[1,3,5,0,2,4,]
6-1-0.001000-[4,2,0,5,3,1,]
6-7-0.001000-[3,0,4,1,5,2,]
6-15-0.001000-[4,2,0,5,3,1,]
6-13-0.001000-[4,2,0,5,3,1,]
6-2-0.000000-[2,5,1,4,0,3,]
6-19-0.002000-[2,5,1,4,0,3,]
6-8-0.001000-[2,5,1,4,0,3,]
6-22-0.001000-[1,3,5,0,2,4,]
6-35-0.003000-[2,5,1,4,0,3,]
6-7-0.001000-[3,0,4,1,5,2,]
6-1-0.001000-[4,2,0,5,3,1,]
6-1-0.000000-[1,3,5,0,2,4,]
6-2-0.001000-[2,5,1,4,0,3,]
6-3-0.000000-[1,3,5,0,2,4,]
6-13-0.002000-[3,0,4,1,5,2,]
6-5-0.000000-[1,3,5,0,2,4,]
6-16-0.001000-[1,3,5,0,2,4,]
6-25-0.002000-[3,0,4,1,5,2,]
6-11-0.001000-[1,3,5,0,2,4,]
6-12-0.001000-[1,3,5,0,2,4,]
6-33-0.003000-[4,2,0,5,3,1,]
6-3-0.001000-[3,0,4,1,5,2,]
6-21-0.002000-[4,2,0,5,3,1,]
6-7-0.001000-[3,0,4,1,5,2,]
6-2-0.000000-[3,0,4,1,5,2,]
6-3-0.001000-[4,2,0,5,3,1,]
6-5-0.001000-[4,2,0,5,3,1,]
6-3-0.000000-[1,3,5,0,2,4,]
6-2-0.001000-[3,0,4,1,5,2,]
6-1-0.000000-[4,2,0,5,3,1,]
6-4-0.001000-[1,3,5,0,2,4,]
6-8-0.001000-[2,5,1,4,0,3,]
6-19-0.002000-[1,3,5,0,2,4,]
6-1-0.000000-[4,2,0,5,3,1,]
6-1-0.000000-[1,3,5,0,2,4,]
6-6-0.000000-[3,0,4,1,5,2,]
6-5-0.001000-[2,5,1,4,0,3,]
6-26-0.002000-[2,5,1,4,0,3,]
6-1-0.001000-[2,5,1,4,0,3,]
6-10-0.000000-[3,0,4,1,5,2,]
6-4-0.000000-[3,0,4,1,5,2,]
6-14-0.002000-[1,3,5,0,2,4,]
6-37-0.003000-[2,5,1,4,0,3,]
6-2-0.001000-[1,3,5,0,2,4,]
6-3-0.000000-[1,3,5,0,2,4,]
6-13-0.001000-[1,3,5,0,2,4,]
6-4-0.000000-[4,2,0,5,3,1,]
6-20-0.002000-[1,3,5,0,2,4,]
6-21-0.002000-[4,2,0,5,3,1,]
6-6-0.001000-[2,5,1,4,0,3,]
6-4-0.001000-[3,0,4,1,5,2,]
6-37-0.003000-[4,2,0,5,3,1,]
6-9-0.001000-[1,3,5,0,2,4,]
6-8-0.001000-[3,0,4,1,5,2,]
6-30-0.003000-[3,0,4,1,5,2,]
6-2-0.000000-[1,3,5,0,2,4,]
6-26-0.003000-[3,0,4,1,5,2,]
6-4-0.001000-[3,0,4,1,5,2,]
6-3-0.000000-[4,2,0,5,3,1,]
6-15-0.001000-[2,5,1,4,0,3,]
6-1-0.000000-[4,2,0,5,3,1,]
6-9-0.000000-[2,5,1,4,0,3,]
6-4-0.000000-[2,5,1,4,0,3,]
6-6-0.000000-[4,2,0,5,3,1,]
6-18-0.001000-[4,2,0,5,3,1,]
6-6-0.001000-[3,0,4,1,5,2,]
6-12-0.001000-[4,2,0,5,3,1,]
6-1-0.000000-[4,2,0,5,3,1,]
6-11-0.001000-[2,5,1,4,0,3,]
6-1-0.000000-[2,5,1,4,0,3,]
6-9-0.001000-[2,5,1,4,0,3,]
6-39-0.004000-[4,2,0,5,3,1,]
6-3-0.000000-[4,2,0,5,3,1,]
6-3-0.000000-[4,2,0,5,3,1,]
6-21-0.004000-[3,0,4,1,5,2,]
6-4-0.001000-[3,0,4,1,5,2,]
6-25-0.005000-[2,5,1,4,0,3,]
6-12-0.002000-[3,0,4,1,5,2,]
6-11-0.002000-[3,0,4,1,5,2,]
6-51-0.009000-[3,0,4,1,5,2,]
6-2-0.000000-[1,3,5,0,2,4,]
6-1-0.001000-[3,0,4,1,5,2,]
6-30-0.006000-[1,3,5,0,2,4,]
6-9-0.001000-[2,5,1,4,0,3,]
6-23-0.003000-[2,5,1,4,0,3,]
6-5-0.000000-[2,5,1,4,0,3,]
6-5-0.001000-[4,2,0,5,3,1,]
6-11-0.001000-[1,3,5,0,2,4,]
6-2-0.000000-[1,3,5,0,2,4,]
6-14-0.001000-[3,0,4,1,5,2,]
6-20-0.002000-[3,0,4,1,5,2,]
6-19-0.001000-[3,0,4,1,5,2,]
6-18-0.001000-[4,2,0,5,3,1,]
6-16-0.001000-[1,3,5,0,2,4,]
6-9-0.000000-[1,3,5,0,2,4,]
6-5-0.000000-[4,2,0,5,3,1,]
6-34-0.002000-[1,3,5,0,2,4,]
6-4-0.001000-[4,2,0,5,3,1,]
6-6-0.001000-[2,5,1,4,0,3,]
6-9-0.001000-[3,0,4,1,5,2,]
6-6-0.001000-[1,3,5,0,2,4,]
6-1-0.000000-[4,2,0,5,3,1,]
6-1-0.000000-[4,2,0,5,3,1,]
6-5-0.000000-[3,0,4,1,5,2,]
6-24-0.002000-[4,2,0,5,3,1,]
6-4-0.000000-[4,2,0,5,3,1,]
6-9-0.002000-[4,2,0,5,3,1,]
6-2-0.000000-[1,3,5,0,2,4,]
6-7-0.001000-[1,3,5,0,2,4,]
6-6-0.001000-[1,3,5,0,2,4,]
6-8-0.001000-[3,0,4,1,5,2,]
6-2-0.000000-[1,3,5,0,2,4,]
6-24-0.002000-[3,0,4,1,5,2,]
6-9-0.001000-[1,3,5,0,2,4,]
6-9-0.000000-[1,3,5,0,2,4,]
6-4-0.000000-[2,5,1,4,0,3,]
6-20-0.002000-[1,3,5,0,2,4,]
6-1-0.000000-[2,5,1,4,0,3,]
6-6-0.001000-[2,5,1,4,0,3,]
6-4-0.000000-[1,3,5,0,2,4,]
6-18-0.002000-[3,0,4,1,5,2,]
6-103-0.007000-[4,2,0,5,3,1,]
6-5-0.001000-[4,2,0,5,3,1,]
6-17-0.001000-[4,2,0,5,3,1,]
6-30-0.002000-[1,3,5,0,2,4,]
6-10-0.001000-[4,2,0,5,3,1,]
6-15-0.001000-[3,0,4,1,5,2,]
6-1-0.000000-[4,2,0,5,3,1,]
6-6-0.000000-[4,2,0,5,3,1,]
6-2-0.001000-[4,2,0,5,3,1,]
6-22-0.002000-[4,2,0,5,3,1,]
6-18-0.001000-[3,0,4,1,5,2,]
6-5-0.000000-[3,0,4,1,5,2,]
6-17-0.002000-[1,3,5,0,2,4,]
6-2-0.000000-[1,3,5,0,2,4,]
6-10-0.001000-[1,3,5,0,2,4,]
6-3-0.000000-[1,3,5,0,2,4,]
6-1-0.000000-[1,3,5,0,2,4,]
6-16-0.001000-[1,3,5,0,2,4,]
6-9-0.000000-[2,5,1,4,0,3,]
6-4-0.001000-[3,0,4,1,5,2,]
6-11-0.001000-[4,2,0,5,3,1,]
6-24-0.002000-[3,0,4,1,5,2,]
6-5-0.000000-[3,0,4,1,5,2,]
6-27-0.003000-[1,3,5,0,2,4,]
6-47-0.003000-[3,0,4,1,5,2,]
6-6-0.001000-[1,3,5,0,2,4,]
6-6-0.000000-[3,0,4,1,5,2,]
6-4-0.000000-[1,3,5,0,2,4,]
6-27-0.002000-[3,0,4,1,5,2,]
6-2-0.000000-[4,2,0,5,3,1,]
6-1-0.000000-[3,0,4,1,5,2,]
6-2-0.000000-[1,3,5,0,2,4,]
6-2-0.000000-[3,0,4,1,5,2,]
6-6-0.000000-[3,0,4,1,5,2,]
6-8-0.000000-[4,2,0,5,3,1,]
6-3-0.000000-[1,3,5,0,2,4,]
6-7-0.001000-[2,5,1,4,0,3,]
6-18-0.002000-[4,2,0,5,3,1,]
6-1-0.000000-[4,2,0,5,3,1,]
6-31-0.002000-[3,0,4,1,5,2,]
6-2-0.000000-[1,3,5,0,2,4,]
6-8-0.001000-[4,2,0,5,3,1,]
6-20-0.001000-[4,2,0,5,3,1,]
6-20-0.002000-[4,2,0,5,3,1,]
6-1-0.000000-[2,5,1,4,0,3,]
6-31-0.003000-[4,2,0,5,3,1,]
6-1-0.000000-[4,2,0,5,3,1,]
6-8-0.001000-[2,5,1,4,0,3,]
6-6-0.000000-[4,2,0,5,3,1,]
6-3-0.001000-[1,3,5,0,2,4,]
6-5-0.001000-[4,2,0,5,3,1,]
6-1-0.000000-[1,3,5,0,2,4,]
6-7-0.001000-[1,3,5,0,2,4,]
6-2-0.000000-[1,3,5,0,2,4,]
6-10-0.000000-[4,2,0,5,3,1,]
6-25-0.002000-[2,5,1,4,0,3,]
6-10-0.001000-[3,0,4,1,5,2,]
6-5-0.001000-[3,0,4,1,5,2,]
6-16-0.001000-[1,3,5,0,2,4,]
6-2-0.000000-[1,3,5,0,2,4,]
6-12-0.000000-[2,5,1,4,0,3,]
6-16-0.001000-[1,3,5,0,2,4,]
6-31-0.003000-[3,0,4,1,5,2,]
6-7-0.000000-[1,3,5,0,2,4,]
6-13-0.001000-[4,2,0,5,3,1,]
6-6-0.001000-[3,0,4,1,5,2,]
6-12-0.001000-[4,2,0,5,3,1,]
6-14-0.001000-[2,5,1,4,0,3,]
6-8-0.000000-[3,0,4,1,5,2,]
6-7-0.000000-[2,5,1,4,0,3,]
6-1-0.000000-[4,2,0,5,3,1,]
6-14-0.001000-[2,5,1,4,0,3,]
6-11-0.001000-[4,2,0,5,3,1,]
6-16-0.001000-[2,5,1,4,0,3,]
6-22-0.001000-[3,0,4,1,5,2,]
6-5-0.000000-[4,2,0,5,3,1,]
6-4-0.000000-[2,5,1,4,0,3,]
6-9-0.000000-[4,2,0,5,3,1,]
6-3-0.000000-[2,5,1,4,0,3,]
6-15-0.001000-[3,0,4,1,5,2,]
6-4-0.000000-[3,0,4,1,5,2,]
6-3-0.001000-[1,3,5,0,2,4,]
6-22-0.002000-[2,5,1,4,0,3,]
6-6-0.001000-[2,5,1,4,0,3,]
6-8-0.001000-[4,2,0,5,3,1,]
6-11-0.001000-[4,2,0,5,3,1,]
6-2-0.001000-[3,0,4,1,5,2,]
6-2-0.000000-[3,0,4,1,5,2,]
6-3-0.000000-[3,0,4,1,5,2,]
6-4-0.000000-[1,3,5,0,2,4,]
6-11-0.001000-[1,3,5,0,2,4,]
6-5-0.001000-[3,0,4,1,5,2,]
6-4-0.000000-[3,0,4,1,5,2,]
6-7-0.000000-[2,5,1,4,0,3,]
6-12-0.001000-[4,2,0,5,3,1,]
6-15-0.001000-[3,0,4,1,5,2,]
6-3-0.001000-[2,5,1,4,0,3,]
6-1-0.000000-[1,3,5,0,2,4,]
6-19-0.002000-[4,2,0,5,3,1,]
6-1-0.001000-[4,2,0,5,3,1,]
6-10-0.001000-[2,5,1,4,0,3,]
6-13-0.001000-[1,3,5,0,2,4,]
6-26-0.002000-[4,2,0,5,3,1,]
6-4-0.001000-[3,0,4,1,5,2,]
6-21-0.002000-[1,3,5,0,2,4,]
6-2-0.000000-[1,3,5,0,2,4,]
6-6-0.001000-[1,3,5,0,2,4,]
6-1-0.000000-[3,0,4,1,5,2,]
6-16-0.001000-[3,0,4,1,5,2,]
6-1-0.000000-[4,2,0,5,3,1,]
6-4-0.000000-[4,2,0,5,3,1,]
6-9-0.000000-[3,0,4,1,5,2,]
6-6-0.000000-[4,2,0,5,3,1,]
6-1-0.000000-[2,5,1,4,0,3,]
6-8-0.001000-[1,3,5,0,2,4,]
6-22-0.002000-[3,0,4,1,5,2,]
6-77-0.005000-[4,2,0,5,3,1,]
6-7-0.001000-[4,2,0,5,3,1,]
6-3-0.000000-[3,0,4,1,5,2,]
6-23-0.001000-[2,5,1,4,0,3,]
6-4-0.000000-[3,0,4,1,5,2,]
6-3-0.000000-[1,3,5,0,2,4,]
6-14-0.001000-[1,3,5,0,2,4,]
6-10-0.001000-[4,2,0,5,3,1,]
6-6-0.001000-[1,3,5,0,2,4,]
6-7-0.001000-[1,3,5,0,2,4,]
6-4-0.000000-[3,0,4,1,5,2,]
6-7-0.000000-[4,2,0,5,3,1,]
6-8-0.001000-[3,0,4,1,5,2,]
6-1-0.001000-[4,2,0,5,3,1,]
6-22-0.002000-[4,2,0,5,3,1,]
6-4-0.000000-[3,0,4,1,5,2,]
6-12-0.001000-[1,3,5,0,2,4,]
6-33-0.003000-[3,0,4,1,5,2,]
6-2-0.000000-[4,2,0,5,3,1,]
6-8-0.000000-[3,0,4,1,5,2,]
6-5-0.001000-[1,3,5,0,2,4,]
6-28-0.002000-[2,5,1,4,0,3,]
6-6-0.001000-[1,3,5,0,2,4,]
6-4-0.000000-[1,3,5,0,2,4,]
6-5-0.000000-[3,0,4,1,5,2,]
6-4-0.001000-[4,2,0,5,3,1,]
6-2-0.000000-[2,5,1,4,0,3,]
6-29-0.003000-[1,3,5,0,2,4,]
6-6-0.001000-[2,5,1,4,0,3,]
6-4-0.000000-[1,3,5,0,2,4,]
6-11-0.001000-[4,2,0,5,3,1,]
6-5-0.000000-[4,2,0,5,3,1,]
6-13-0.001000-[2,5,1,4,0,3,]
6-4-0.000000-[1,3,5,0,2,4,]
6-26-0.002000-[4,2,0,5,3,1,]
6-2-0.000000-[4,2,0,5,3,1,]
6-11-0.001000-[1,3,5,0,2,4,]
6-39-0.003000-[1,3,5,0,2,4,]
6-10-0.001000-[2,5,1,4,0,3,]
6-1-0.000000-[4,2,0,5,3,1,]
6-15-0.001000-[1,3,5,0,2,4,]
6-2-0.000000-[4,2,0,5,3,1,]
6-17-0.001000-[1,3,5,0,2,4,]
6-14-0.001000-[3,0,4,1,5,2,]
6-2-0.000000-[2,5,1,4,0,3,]
6-7-0.001000-[4,2,0,5,3,1,]
6-15-0.002000-[4,2,0,5,3,1,]
6-4-0.001000-[3,0,4,1,5,2,]
6-2-0.000000-[2,5,1,4,0,3,]
6-11-0.001000-[2,5,1,4,0,3,]
6-2-0.000000-[4,2,0,5,3,1,]
6-4-0.000000-[2,5,1,4,0,3,]
6-23-0.002000-[1,3,5,0,2,4,]
6-2-0.000000-[2,5,1,4,0,3,]
6-6-0.001000-[2,5,1,4,0,3,]
6-9-0.001000-[3,0,4,1,5,2,]
6-13-0.001000-[1,3,5,0,2,4,]
6-16-0.002000-[4,2,0,5,3,1,]
6-7-0.000000-[2,5,1,4,0,3,]
6-4-0.000000-[4,2,0,5,3,1,]
6-3-0.001000-[1,3,5,0,2,4,]
6-8-0.000000-[1,3,5,0,2,4,]
6-5-0.000000-[4,2,0,5,3,1,]
6-8-0.001000-[4,2,0,5,3,1,]
6-3-0.001000-[1,3,5,0,2,4,]
6-1-0.000000-[1,3,5,0,2,4,]
6-1-0.000000-[4,2,0,5,3,1,]
6-5-0.000000-[2,5,1,4,0,3,]
6-16-0.001000-[4,2,0,5,3,1,]
6-17-0.002000-[2,5,1,4,0,3,]
6-1-0.000000-[3,0,4,1,5,2,]
6-3-0.000000-[2,5,1,4,0,3,]
6-5-0.000000-[3,0,4,1,5,2,]
6-1-0.000000-[4,2,0,5,3,1,]
6-5-0.001000-[4,2,0,5,3,1,]
6-7-0.000000-[2,5,1,4,0,3,]
6-8-0.000000-[3,0,4,1,5,2,]
6-9-0.000000-[4,2,0,5,3,1,]
6-4-0.000000-[3,0,4,1,5,2,]
6-14-0.002000-[4,2,0,5,3,1,]
6-4-0.000000-[1,3,5,0,2,4,]
6-1-0.000000-[1,3,5,0,2,4,]
6-5-0.000000-[3,0,4,1,5,2,]
6-3-0.000000-[2,5,1,4,0,3,]
6-11-0.001000-[1,3,5,0,2,4,]
6-3-0.000000-[1,3,5,0,2,4,]
6-3-0.000000-[3,0,4,1,5,2,]
6-1-0.000000-[2,5,1,4,0,3,]
6-3-0.001000-[1,3,5,0,2,4,]
6-14-0.001000-[3,0,4,1,5,2,]
6-1-0.000000-[3,0,4,1,5,2,]
6-25-0.002000-[3,0,4,1,5,2,]
6-8-0.001000-[2,5,1,4,0,3,]
6-4-0.001000-[3,0,4,1,5,2,]
6-14-0.001000-[1,3,5,0,2,4,]
6-15-0.001000-[1,3,5,0,2,4,]
6-14-0.002000-[4,2,0,5,3,1,]
6-2-0.000000-[4,2,0,5,3,1,]
6-7-0.001000-[4,2,0,5,3,1,]
6-1-0.000000-[4,2,0,5,3,1,]
6-1-0.001000-[2,5,1,4,0,3,]
6-11-0.001000-[4,2,0,5,3,1,]
6-12-0.001000-[4,2,0,5,3,1,]
6-15-0.001000-[1,3,5,0,2,4,]
6-5-0.000000-[3,0,4,1,5,2,]
6-6-0.000000-[2,5,1,4,0,3,]
6-5-0.001000-[4,2,0,5,3,1,]
6-10-0.001000-[4,2,0,5,3,1,]
6-29-0.003000-[2,5,1,4,0,3,]
6-14-0.001000-[3,0,4,1,5,2,]
6-5-0.000000-[3,0,4,1,5,2,]
6-11-0.001000-[3,0,4,1,5,2,]
6-2-0.001000-[4,2,0,5,3,1,]
6-21-0.001000-[3,0,4,1,5,2,]
6-6-0.000000-[2,5,1,4,0,3,]
6-15-0.002000-[3,0,4,1,5,2,]
6-5-0.001000-[4,2,0,5,3,1,]
6-11-0.001000-[1,3,5,0,2,4,]
6-17-0.001000-[2,5,1,4,0,3,]
6-27-0.002000-[1,3,5,0,2,4,]
6-17-0.001000-[4,2,0,5,3,1,]
6-20-0.002000-[4,2,0,5,3,1,]
6-15-0.002000-[1,3,5,0,2,4,]
6-2-0.000000-[4,2,0,5,3,1,]
6-1-0.001000-[2,5,1,4,0,3,]
6-3-0.000000-[2,5,1,4,0,3,]
6-2-0.000000-[1,3,5,0,2,4,]
6-3-0.000000-[1,3,5,0,2,4,]
6-11-0.001000-[3,0,4,1,5,2,]
6-7-0.000000-[2,5,1,4,0,3,]
6-8-0.000000-[1,3,5,0,2,4,]
6-3-0.000000-[4,2,0,5,3,1,]
6-5-0.000000-[1,3,5,0,2,4,]
6-1-0.000000-[4,2,0,5,3,1,]
6-11-0.001000-[1,3,5,0,2,4,]
6-13-0.001000-[2,5,1,4,0,3,]
6-15-0.001000-[3,0,4,1,5,2,]
6-14-0.001000-[1,3,5,0,2,4,]
6-4-0.000000-[2,5,1,4,0,3,]
6-4-0.000000-[3,0,4,1,5,2,]
6-9-0.001000-[3,0,4,1,5,2,]
6-37-0.003000-[1,3,5,0,2,4,]
6-12-0.001000-[2,5,1,4,0,3,]
6-25-0.002000-[3,0,4,1,5,2,]
6-6-0.000000-[2,5,1,4,0,3,]
6-18-0.002000-[3,0,4,1,5,2,]
6-18-0.001000-[4,2,0,5,3,1,]
6-9-0.000000-[2,5,1,4,0,3,]
6-7-0.000000-[4,2,0,5,3,1,]
6-2-0.000000-[1,3,5,0,2,4,]
6-20-0.001000-[3,0,4,1,5,2,]
6-10-0.000000-[4,2,0,5,3,1,]
6-4-0.000000-[3,0,4,1,5,2,]
6-3-0.001000-[1,3,5,0,2,4,]
6-9-0.001000-[4,2,0,5,3,1,]
6-20-0.002000-[1,3,5,0,2,4,]
6-7-0.001000-[1,3,5,0,2,4,]
6-6-0.001000-[4,2,0,5,3,1,]
6-1-0.000000-[2,5,1,4,0,3,]
6-9-0.001000-[3,0,4,1,5,2,]
6-3-0.000000-[1,3,5,0,2,4,]
6-1-0.000000-[4,2,0,5,3,1,]
6-4-0.000000-[1,3,5,0,2,4,]
6-6-0.001000-[2,5,1,4,0,3,]
6-4-0.001000-[4,2,0,5,3,1,]
6-18-0.001000-[3,0,4,1,5,2,]
6-1-0.000000-[1,3,5,0,2,4,]
6-10-0.001000-[1,3,5,0,2,4,]
6-1-0.000000-[4,2,0,5,3,1,]
6-17-0.001000-[1,3,5,0,2,4,]
6-19-0.002000-[1,3,5,0,2,4,]
6-7-0.001000-[1,3,5,0,2,4,]
6-2-0.000000-[2,5,1,4,0,3,]
6-5-0.000000-[4,2,0,5,3,1,]
6-7-0.001000-[1,3,5,0,2,4,]
6-21-0.001000-[1,3,5,0,2,4,]
6-10-0.001000-[2,5,1,4,0,3,]
6-7-0.001000-[3,0,4,1,5,2,]
6-11-0.001000-[3,0,4,1,5,2,]
6-4-0.001000-[1,3,5,0,2,4,]
6-4-0.000000-[3,0,4,1,5,2,]
6-7-0.000000-[3,0,4,1,5,2,]
6-7-0.001000-[3,0,4,1,5,2,]
6-1-0.000000-[3,0,4,1,5,2,]
6-4-0.000000-[1,3,5,0,2,4,]
6-10-0.001000-[3,0,4,1,5,2,]
6-15-0.001000-[2,5,1,4,0,3,]
6-2-0.000000-[3,0,4,1,5,2,]
6-3-0.000000-[1,3,5,0,2,4,]
6-13-0.001000-[3,0,4,1,5,2,]
6-21-0.002000-[2,5,1,4,0,3,]
6-3-0.000000-[2,5,1,4,0,3,]
6-8-0.001000-[3,0,4,1,5,2,]
6-2-0.000000-[3,0,4,1,5,2,]
6-4-0.001000-[3,0,4,1,5,2,]
6-1-0.000000-[3,0,4,1,5,2,]
6-23-0.002000-[3,0,4,1,5,2,]
6-9-0.000000-[1,3,5,0,2,4,]
6-24-0.002000-[3,0,4,1,5,2,]
6-4-0.000000-[4,2,0,5,3,1,]
6-27-0.002000-[1,3,5,0,2,4,]
6-12-0.001000-[3,0,4,1,5,2,]
6-16-0.001000-[1,3,5,0,2,4,]
6-15-0.001000-[2,5,1,4,0,3,]
6-5-0.001000-[1,3,5,0,2,4,]
6-12-0.001000-[2,5,1,4,0,3,]
6-13-0.001000-[1,3,5,0,2,4,]
6-11-0.001000-[2,5,1,4,0,3,]
6-2-0.000000-[4,2,0,5,3,1,]
6-15-0.001000-[4,2,0,5,3,1,]
6-24-0.002000-[4,2,0,5,3,1,]
6-19-0.002000-[3,0,4,1,5,2,]
6-11-0.001000-[3,0,4,1,5,2,]
6-8-0.000000-[1,3,5,0,2,4,]
6-3-0.001000-[1,3,5,0,2,4,]
6-3-0.000000-[2,5,1,4,0,3,]
6-7-0.001000-[1,3,5,0,2,4,]
6-12-0.001000-[3,0,4,1,5,2,]
6-2-0.000000-[4,2,0,5,3,1,]
6-1-0.000000-[2,5,1,4,0,3,]
6-9-0.001000-[4,2,0,5,3,1,]
6-14-0.001000-[4,2,0,5,3,1,]
6-37-0.003000-[1,3,5,0,2,4,]
6-17-0.002000-[1,3,5,0,2,4,]
6-4-0.000000-[2,5,1,4,0,3,]
6-19-0.001000-[2,5,1,4,0,3,]
6-2-0.000000-[1,3,5,0,2,4,]
6-2-0.001000-[3,0,4,1,5,2,]
6-4-0.000000-[1,3,5,0,2,4,]
6-1-0.001000-[3,0,4,1,5,2,]
6-2-0.000000-[4,2,0,5,3,1,]
6-3-0.001000-[1,3,5,0,2,4,]
6-2-0.000000-[3,0,4,1,5,2,]
6-1-0.000000-[1,3,5,0,2,4,]
6-15-0.001000-[1,3,5,0,2,4,]
6-10-0.000000-[3,0,4,1,5,2,]
6-2-0.000000-[1,3,5,0,2,4,]
6-7-0.001000-[3,0,4,1,5,2,]
6-25-0.004000-[1,3,5,0,2,4,]
6-20-0.003000-[4,2,0,5,3,1,]
6-6-0.001000-[3,0,4,1,5,2,]
6-2-0.001000-[1,3,5,0,2,4,]
6-6-0.001000-[2,5,1,4,0,3,]
6-5-0.001000-[3,0,4,1,5,2,]
6-18-0.003000-[4,2,0,5,3,1,]
6-9-0.001000-[2,5,1,4,0,3,]
6-2-0.000000-[3,0,4,1,5,2,]
6-4-0.000000-[3,0,4,1,5,2,]
6-15-0.001000-[1,3,5,0,2,4,]
6-1-0.000000-[1,3,5,0,2,4,]
6-15-0.003000-[1,3,5,0,2,4,]
6-12-0.001000-[1,3,5,0,2,4,]
6-5-0.000000-[2,5,1,4,0,3,]
6-8-0.000000-[3,0,4,1,5,2,]
6-5-0.000000-[2,5,1,4,0,3,]
6-8-0.001000-[1,3,5,0,2,4,]
6-3-0.000000-[2,5,1,4,0,3,]
6-9-0.001000-[4,2,0,5,3,1,]
6-5-0.001000-[4,2,0,5,3,1,]
6-12-0.001000-[1,3,5,0,2,4,]
6-23-0.001000-[3,0,4,1,5,2,]
6-3-0.000000-[1,3,5,0,2,4,]
6-9-0.001000-[2,5,1,4,0,3,]
6-8-0.001000-[3,0,4,1,5,2,]
6-16-0.001000-[1,3,5,0,2,4,]
6-3-0.000000-[4,2,0,5,3,1,]
6-22-0.002000-[3,0,4,1,5,2,]
6-6-0.001000-[4,2,0,5,3,1,]
6-23-0.002000-[4,2,0,5,3,1,]
6-9-0.001000-[1,3,5,0,2,4,]
6-12-0.001000-[1,3,5,0,2,4,]
6-6-0.001000-[1,3,5,0,2,4,]
6-5-0.001000-[2,5,1,4,0,3,]
6-14-0.001000-[4,2,0,5,3,1,]
6-19-0.002000-[1,3,5,0,2,4,]
6-19-0.002000-[4,2,0,5,3,1,]
6-11-0.001000-[2,5,1,4,0,3,]
6-11-0.001000-[4,2,0,5,3,1,]
6-7-0.000000-[2,5,1,4,0,3,]
6-9-0.000000-[4,2,0,5,3,1,]
6-6-0.000000-[4,2,0,5,3,1,]
6-9-0.000000-[2,5,1,4,0,3,]
6-10-0.001000-[3,0,4,1,5,2,]
6-4-0.001000-[4,2,0,5,3,1,]
6-2-0.000000-[1,3,5,0,2,4,]
6-3-0.001000-[4,2,0,5,3,1,]
6-1-0.000000-[4,2,0,5,3,1,]
6-28-0.003000-[1,3,5,0,2,4,]
6-38-0.003000-[4,2,0,5,3,1,]
6-2-0.000000-[2,5,1,4,0,3,]
6-20-0.002000-[1,3,5,0,2,4,]
6-15-0.002000-[4,2,0,5,3,1,]
6-1-0.000000-[4,2,0,5,3,1,]
6-3-0.000000-[3,0,4,1,5,2,]
6-9-0.001000-[4,2,0,5,3,1,]
6-18-0.002000-[4,2,0,5,3,1,]
6-35-0.002000-[4,2,0,5,3,1,]
6-5-0.000000-[4,2,0,5,3,1,]
6-28-0.003000-[2,5,1,4,0,3,]
6-16-0.001000-[2,5,1,4,0,3,]
6-6-0.000000-[3,0,4,1,5,2,]
6-19-0.001000-[4,2,0,5,3,1,]
6-13-0.000000-[3,0,4,1,5,2,]
6-3-0.000000-[2,5,1,4,0,3,]
6-10-0.001000-[4,2,0,5,3,1,]
6-8-0.001000-[3,0,4,1,5,2,]
6-7-0.001000-[2,5,1,4,0,3,]
6-7-0.001000-[4,2,0,5,3,1,]
6-3-0.000000-[4,2,0,5,3,1,]
6-17-0.002000-[3,0,4,1,5,2,]
6-3-0.000000-[1,3,5,0,2,4,]
6-1-0.000000-[4,2,0,5,3,1,]
6-7-0.001000-[2,5,1,4,0,3,]
6-53-0.004000-[4,2,0,5,3,1,]
6-1-0.000000-[4,2,0,5,3,1,]
6-11-0.001000-[2,5,1,4,0,3,]
6-16-0.001000-[1,3,5,0,2,4,]
6-15-0.001000-[4,2,0,5,3,1,]
6-18-0.001000-[1,3,5,0,2,4,]
6-1-0.000000-[1,3,5,0,2,4,]
6-6-0.001000-[3,0,4,1,5,2,]
6-9-0.001000-[4,2,0,5,3,1,]
6-2-0.000000-[3,0,4,1,5,2,]
6-7-0.000000-[4,2,0,5,3,1,]
6-2-0.000000-[2,5,1,4,0,3,]
6-4-0.000000-[1,3,5,0,2,4,]
6-9-0.000000-[3,0,4,1,5,2,]
6-5-0.000000-[1,3,5,0,2,4,]
6-17-0.002000-[3,0,4,1,5,2,]
6-1-0.000000-[2,5,1,4,0,3,]
6-2-0.000000-[1,3,5,0,2,4,]
6-2-0.000000-[1,3,5,0,2,4,]
6-1-0.000000-[1,3,5,0,2,4,]
6-11-0.001000-[3,0,4,1,5,2,]
6-2-0.001000-[3,0,4,1,5,2,]
6-2-0.000000-[4,2,0,5,3,1,]
6-3-0.001000-[2,5,1,4,0,3,]
6-34-0.003000-[1,3,5,0,2,4,]
6-12-0.001000-[4,2,0,5,3,1,]
6-1-0.000000-[4,2,0,5,3,1,]
6-3-0.000000-[2,5,1,4,0,3,]
6-21-0.001000-[1,3,5,0,2,4,]
6-8-0.000000-[3,0,4,1,5,2,]
6-8-0.000000-[4,2,0,5,3,1,]
6-8-0.000000-[4,2,0,5,3,1,]
6-22-0.001000-[2,5,1,4,0,3,]
6-18-0.001000-[2,5,1,4,0,3,]
6-10-0.001000-[4,2,0,5,3,1,]
6-2-0.001000-[3,0,4,1,5,2,]
6-19-0.002000-[4,2,0,5,3,1,]
6-1-0.000000-[1,3,5,0,2,4,]
6-7-0.000000-[2,5,1,4,0,3,]
6-10-0.000000-[3,0,4,1,5,2,]
6-1-0.000000-[2,5,1,4,0,3,]
6-22-0.001000-[3,0,4,1,5,2,]
6-8-0.000000-[4,2,0,5,3,1,]
6-4-0.000000-[1,3,5,0,2,4,]
6-32-0.003000-[3,0,4,1,5,2,]
6-7-0.000000-[3,0,4,1,5,2,]
6-1-0.000000-[3,0,4,1,5,2,]
6-23-0.002000-[4,2,0,5,3,1,]
6-24-0.002000-[2,5,1,4,0,3,]
6-9-0.001000-[2,5,1,4,0,3,]
6-24-0.002000-[1,3,5,0,2,4,]
6-20-0.002000-[4,2,0,5,3,1,]
6-9-0.001000-[2,5,1,4,0,3,]
6-7-0.001000-[3,0,4,1,5,2,]
6-10-0.001000-[4,2,0,5,3,1,]
6-10-0.001000-[4,2,0,5,3,1,]
6-1-0.000000-[1,3,5,0,2,4,]
6-1-0.000000-[4,2,0,5,3,1,]
6-44-0.003000-[3,0,4,1,5,2,]
6-4-0.001000-[1,3,5,0,2,4,]
6-17-0.002000-[4,2,0,5,3,1,]
6-6-0.000000-[1,3,5,0,2,4,]
6-9-0.001000-[2,5,1,4,0,3,]
6-4-0.000000-[3,0,4,1,5,2,]
6-16-0.002000-[2,5,1,4,0,3,]
6-1-0.000000-[2,5,1,4,0,3,]
6-26-0.002000-[4,2,0,5,3,1,]
6-9-0.001000-[2,5,1,4,0,3,]
6-2-0.001000-[4,2,0,5,3,1,]
6-4-0.000000-[4,2,0,5,3,1,]
6-4-0.000000-[1,3,5,0,2,4,]
6-15-0.002000-[3,0,4,1,5,2,]
6-21-0.001000-[1,3,5,0,2,4,]
6-5-0.001000-[3,0,4,1,5,2,]
6-7-0.001000-[1,3,5,0,2,4,]
6-21-0.002000-[4,2,0,5,3,1,]
6-20-0.002000-[3,0,4,1,5,2,]
6-13-0.001000-[4,2,0,5,3,1,]
6-4-0.000000-[1,3,5,0,2,4,]
6-1-0.001000-[3,0,4,1,5,2,]
6-3-0.000000-[2,5,1,4,0,3,]
6-5-0.000000-[4,2,0,5,3,1,]
6-28-0.002000-[2,5,1,4,0,3,]
6-5-0.000000-[4,2,0,5,3,1,]
6-2-0.001000-[2,5,1,4,0,3,]
6-5-0.000000-[2,5,1,4,0,3,]
6-31-0.002000-[2,5,1,4,0,3,]
6-14-0.001000-[2,5,1,4,0,3,]
6-2-0.000000-[1,3,5,0,2,4,]
6-13-0.001000-[1,3,5,0,2,4,]
6-2-0.000000-[2,5,1,4,0,3,]
6-3-0.001000-[3,0,4,1,5,2,]
6-5-0.000000-[2,5,1,4,0,3,]
6-12-0.002000-[4,2,0,5,3,1,]
6-6-0.000000-[1,3,5,0,2,4,]
6-3-0.000000-[3,0,4,1,5,2,]
6-6-0.000000-[1,3,5,0,2,4,]
6-1-0.000000-[1,3,5,0,2,4,]
6-8-0.001000-[1,3,5,0,2,4,]
6-8-0.000000-[2,5,1,4,0,3,]
6-4-0.000000-[3,0,4,1,5,2,]
6-22-0.002000-[4,2,0,5,3,1,]
6-10-0.001000-[3,0,4,1,5,2,]
6-9-0.000000-[4,2,0,5,3,1,]
6-5-0.000000-[1,3,5,0,2,4,]
6-17-0.001000-[1,3,5,0,2,4,]
6-2-0.000000-[2,5,1,4,0,3,]
6-6-0.001000-[4,2,0,5,3,1,]
6-3-0.000000-[4,2,0,5,3,1,]
6-4-0.001000-[2,5,1,4,0,3,]
6-4-0.000000-[3,0,4,1,5,2,]
6-1-0.000000-[2,5,1,4,0,3,]
6-2-0.000000-[1,3,5,0,2,4,]
6-4-0.001000-[4,2,0,5,3,1,]
6-11-0.001000-[1,3,5,0,2,4,]
6-20-0.002000-[4,2,0,5,3,1,]
6-8-0.001000-[3,0,4,1,5,2,]
6-6-0.000000-[2,5,1,4,0,3,]
6-12-0.001000-[1,3,5,0,2,4,]
6-9-0.001000-[2,5,1,4,0,3,]
6-1-0.000000-[4,2,0,5,3,1,]
6-8-0.000000-[3,0,4,1,5,2,]
6-2-0.000000-[1,3,5,0,2,4,]
6-18-0.002000-[3,0,4,1,5,2,]
6-13-0.001000-[4,2,0,5,3,1,]
6-5-0.001000-[4,2,0,5,3,1,]
6-6-0.001000-[1,3,5,0,2,4,]
6-2-0.000000-[2,5,1,4,0,3,]
6-4-0.000000-[4,2,0,5,3,1,]
6-15-0.001000-[3,0,4,1,5,2,]
6-8-0.001000-[2,5,1,4,0,3,]
6-24-0.003000-[1,3,5,0,2,4,]
6-1-0.000000-[2,5,1,4,0,3,]
6-25-0.003000-[3,0,4,1,5,2,]
6-9-0.001000-[3,0,4,1,5,2,]
6-8-0.001000-[2,5,1,4,0,3,]
6-21-0.002000-[1,3,5,0,2,4,]
6-7-0.001000-[2,5,1,4,0,3,]
6-6-0.000000-[1,3,5,0,2,4,]
6-4-0.000000-[1,3,5,0,2,4,]
6-3-0.000000-[4,2,0,5,3,1,]
6-8-0.000000-[2,5,1,4,0,3,]
6-17-0.001000-[4,2,0,5,3,1,]
6-4-0.000000-[2,5,1,4,0,3,]
6-15-0.001000-[3,0,4,1,5,2,]
6-20-0.001000-[2,5,1,4,0,3,]
6-6-0.001000-[3,0,4,1,5,2,]
6-7-0.001000-[1,3,5,0,2,4,]
6-6-0.001000-[3,0,4,1,5,2,]
6-13-0.001000-[4,2,0,5,3,1,]
6-11-0.001000-[4,2,0,5,3,1,]
6-4-0.001000-[2,5,1,4,0,3,]
6-7-0.001000-[1,3,5,0,2,4,]
6-4-0.000000-[4,2,0,5,3,1,]
6-2-0.001000-[4,2,0,5,3,1,]
6-5-0.000000-[2,5,1,4,0,3,]
6-6-0.001000-[4,2,0,5,3,1,]
6-1-0.000000-[2,5,1,4,0,3,]
6-1-0.000000-[3,0,4,1,5,2,]
6-12-0.001000-[1,3,5,0,2,4,]
6-8-0.001000-[2,5,1,4,0,3,]
6-5-0.000000-[1,3,5,0,2,4,]
6-9-0.001000-[2,5,1,4,0,3,]
6-3-0.000000-[4,2,0,5,3,1,]
6-14-0.001000-[2,5,1,4,0,3,]
6-14-0.001000-[1,3,5,0,2,4,]
6-4-0.000000-[1,3,5,0,2,4,]
6-1-0.000000-[1,3,5,0,2,4,]
6-6-0.000000-[2,5,1,4,0,3,]
6-11-0.001000-[4,2,0,5,3,1,]
6-21-0.001000-[4,2,0,5,3,1,]
6-26-0.002000-[1,3,5,0,2,4,]
6-15-0.001000-[3,0,4,1,5,2,]
6-4-0.000000-[3,0,4,1,5,2,]
6-28-0.003000-[2,5,1,4,0,3,]
6-1-0.000000-[2,5,1,4,0,3,]
6-9-0.001000-[4,2,0,5,3,1,]
6-5-0.000000-[4,2,0,5,3,1,]
6-21-0.001000-[4,2,0,5,3,1,]
6-5-0.001000-[3,0,4,1,5,2,]
6-9-0.001000-[1,3,5,0,2,4,]
6-13-0.001000-[4,2,0,5,3,1,]
6-2-0.001000-[1,3,5,0,2,4,]
6-3-0.000000-[4,2,0,5,3,1,]
6-8-0.001000-[3,0,4,1,5,2,]
6-20-0.002000-[1,3,5,0,2,4,]
6-17-0.001000-[1,3,5,0,2,4,]
6-24-0.002000-[4,2,0,5,3,1,]
6-6-0.001000-[2,5,1,4,0,3,]
6-30-0.003000-[3,0,4,1,5,2,]
6-21-0.002000-[4,2,0,5,3,1,]
6-2-0.000000-[1,3,5,0,2,4,]
6-1-0.000000-[1,3,5,0,2,4,]
6-2-0.000000-[4,2,0,5,3,1,]
6-3-0.000000-[1,3,5,0,2,4,]
6-1-0.000000-[1,3,5,0,2,4,]
6-15-0.001000-[1,3,5,0,2,4,]
6-8-0.001000-[1,3,5,0,2,4,]
6-3-0.000000-[3,0,4,1,5,2,]
6-25-0.002000-[1,3,5,0,2,4,]
6-6-0.001000-[3,0,4,1,5,2,]
6-2-0.000000-[4,2,0,5,3,1,]
6-7-0.001000-[2,5,1,4,0,3,]
6-2-0.000000-[4,2,0,5,3,1,]
6-5-0.000000-[1,3,5,0,2,4,]
6-19-0.002000-[1,3,5,0,2,4,]
6-1-0.000000-[3,0,4,1,5,2,]
6-1-0.000000-[3,0,4,1,5,2,]
6-3-0.000000-[2,5,1,4,0,3,]
6-3-0.001000-[4,2,0,5,3,1,]
6-2-0.000000-[2,5,1,4,0,3,]
6-14-0.000000-[1,3,5,0,2,4,]
6-7-0.000000-[3,0,4,1,5,2,]
6-9-0.001000-[1,3,5,0,2,4,]
6-5-0.000000-[3,0,4,1,5,2,]
6-18-0.002000-[1,3,5,0,2,4,]
6-6-0.000000-[3,0,4,1,5,2,]
6-14-0.001000-[4,2,0,5,3,1,]
6-32-0.002000-[1,3,5,0,2,4,]
6-8-0.001000-[3,0,4,1,5,2,]
6-4-0.001000-[3,0,4,1,5,2,]
6-5-0.000000-[4,2,0,5,3,1,]
6-16-0.001000-[2,5,1,4,0,3,]
6-7-0.001000-[3,0,4,1,5,2,]
6-25-0.002000-[1,3,5,0,2,4,]
6-5-0.001000-[1,3,5,0,2,4,]
6-18-0.002000-[3,0,4,1,5,2,]
6-12-0.001000-[3,0,4,1,5,2,]
6-10-0.001000-[3,0,4,1,5,2,]
6-22-0.002000-[4,2,0,5,3,1,]
6-12-0.001000-[1,3,5,0,2,4,]
6-18-0.002000-[1,3,5,0,2,4,]
6-1-0.000000-[2,5,1,4,0,3,]
6-1-0.000000-[3,0,4,1,5,2,]
6-2-0.000000-[3,0,4,1,5,2,]
6-8-0.001000-[3,0,4,1,5,2,]
6-6-0.000000-[3,0,4,1,5,2,]
6-4-0.000000-[4,2,0,5,3,1,]
6-1-0.000000-[1,3,5,0,2,4,]
6-9-0.001000-[1,3,5,0,2,4,]
6-2-0.000000-[2,5,1,4,0,3,]
6-9-0.000000-[4,2,0,5,3,1,]
6-2-0.001000-[4,2,0,5,3,1,]
6-7-0.000000-[1,3,5,0,2,4,]
6-10-0.000000-[4,2,0,5,3,1,]
6-3-0.001000-[1,3,5,0,2,4,]
6-14-0.001000-[4,2,0,5,3,1,]
6-10-0.001000-[4,2,0,5,3,1,]
6-7-0.001000-[3,0,4,1,5,2,]
6-28-0.003000-[1,3,5,0,2,4,]
6-5-0.001000-[2,5,1,4,0,3,]
6-24-0.002000-[1,3,5,0,2,4,]
6-25-0.003000-[3,0,4,1,5,2,]
6-5-0.000000-[1,3,5,0,2,4,]
6-4-0.000000-[3,0,4,1,5,2,]
6-4-0.001000-[2,5,1,4,0,3,]
6-13-0.001000-[3,0,4,1,5,2,]
6-7-0.001000-[4,2,0,5,3,1,]
6-12-0.001000-[2,5,1,4,0,3,]
6-5-0.001000-[1,3,5,0,2,4,]
6-13-0.001000-[4,2,0,5,3,1,]
6-12-0.000000-[1,3,5,0,2,4,]
6-19-0.001000-[1,3,5,0,2,4,]
6-17-0.001000-[4,2,0,5,3,1,]
6-16-0.002000-[1,3,5,0,2,4,]
6-12-0.001000-[2,5,1,4,0,3,]
6-2-0.001000-[4,2,0,5,3,1,]
6-5-0.001000-[4,2,0,5,3,1,]
6-6-0.001000-[2,5,1,4,0,3,]
6-21-0.002000-[2,5,1,4,0,3,]
6-31-0.002000-[2,5,1,4,0,3,]
6-6-0.000000-[2,5,1,4,0,3,]
6-21-0.001000-[4,2,0,5,3,1,]
6-8-0.001000-[3,0,4,1,5,2,]
6-2-0.000000-[3,0,4,1,5,2,]
6-2-0.001000-[1,3,5,0,2,4,]
6-1-0.000000-[2,5,1,4,0,3,]
6-13-0.001000-[4,2,0,5,3,1,]
6-20-0.002000-[4,2,0,5,3,1,]
6-7-0.001000-[1,3,5,0,2,4,]
6-1-0.000000-[2,5,1,4,0,3,]
6-19-0.001000-[1,3,5,0,2,4,]
6-4-0.001000-[1,3,5,0,2,4,]
6-1-0.000000-[4,2,0,5,3,1,]
6-4-0.001000-[4,2,0,5,3,1,]
6-12-0.001000-[3,0,4,1,5,2,]
6-14-0.001000-[1,3,5,0,2,4,]
6-8-0.001000-[3,0,4,1,5,2,]
6-6-0.001000-[4,2,0,5,3,1,]
6-77-0.006000-[3,0,4,1,5,2,]
6-7-0.000000-[2,5,1,4,0,3,]
6-13-0.001000-[4,2,0,5,3,1,]
6-12-0.001000-[4,2,0,5,3,1,]
6-11-0.001000-[2,5,1,4,0,3,]
6-17-0.001000-[3,0,4,1,5,2,]
6-21-0.002000-[3,0,4,1,5,2,]
6-1-0.000000-[2,5,1,4,0,3,]
6-3-0.001000-[3,0,4,1,5,2,]
6-3-0.000000-[3,0,4,1,5,2,]
6-6-0.000000-[4,2,0,5,3,1,]
6-8-0.001000-[1,3,5,0,2,4,]
6-13-0.001000-[1,3,5,0,2,4,]
6-8-0.001000-[4,2,0,5,3,1,]
6-6-0.000000-[4,2,0,5,3,1,]
6-5-0.001000-[2,5,1,4,0,3,]
6-6-0.000000-[3,0,4,1,5,2,]
6-13-0.001000-[3,0,4,1,5,2,]
6-4-0.000000-[1,3,5,0,2,4,]
6-7-0.000000-[4,2,0,5,3,1,]
6-3-0.001000-[2,5,1,4,0,3,]
6-20-0.001000-[4,2,0,5,3,1,]
6-8-0.000000-[4,2,0,5,3,1,]
6-4-0.001000-[2,5,1,4,0,3,]
6-6-0.000000-[3,0,4,1,5,2,]
6-8-0.000000-[3,0,4,1,5,2,]
6-19-0.002000-[4,2,0,5,3,1,]
6-12-0.001000-[3,0,4,1,5,2,]
6-1-0.000000-[1,3,5,0,2,4,]
6-1-0.000000-[4,2,0,5,3,1,]
6-5-0.001000-[2,5,1,4,0,3,]
6-7-0.001000-[1,3,5,0,2,4,]
6-3-0.000000-[3,0,4,1,5,2,]
6-3-0.000000-[4,2,0,5,3,1,]
6-10-0.001000-[3,0,4,1,5,2,]
6-6-0.000000-[4,2,0,5,3,1,]
6-1-0.000000-[4,2,0,5,3,1,]
6-8-0.000000-[4,2,0,5,3,1,]
6-5-0.000000-[3,0,4,1,5,2,]
6-5-0.001000-[3,0,4,1,5,2,]
6-8-0.001000-[4,2,0,5,3,1,]
6-10-0.001000-[4,2,0,5,3,1,]
6-3-0.000000-[3,0,4,1,5,2,]
6-14-0.001000-[1,3,5,0,2,4,]
6-1-0.000000-[1,3,5,0,2,4,]
6-5-0.000000-[3,0,4,1,5,2,]
6-1-0.000000-[2,5,1,4,0,3,]
6-10-0.001000-[3,0,4,1,5,2,]
6-11-0.001000-[3,0,4,1,5,2,]
6-2-0.000000-[1,3,5,0,2,4,]
6-2-0.000000-[2,5,1,4,0,3,]
6-7-0.000000-[1,3,5,0,2,4,]
6-1-0.001000-[2,5,1,4,0,3,]
6-10-0.000000-[2,5,1,4,0,3,]
6-6-0.000000-[4,2,0,5,3,1,]
6-2-0.000000-[3,0,4,1,5,2,]
6-18-0.002000-[3,0,4,1,5,2,]
6-5-0.000000-[3,0,4,1,5,2,]
6-1-0.000000-[3,0,4,1,5,2,]
6-14-0.001000-[1,3,5,0,2,4,]
6-2-0.000000-[2,5,1,4,0,3,]
6-6-0.001000-[2,5,1,4,0,3,]
6-5-0.000000-[3,0,4,1,5,2,]
6-2-0.000000-[3,0,4,1,5,2,]
6-17-0.002000-[4,2,0,5,3,1,]
6-10-0.001000-[4,2,0,5,3,1,]
6-22-0.002000-[1,3,5,0,2,4,]
6-5-0.001000-[1,3,5,0,2,4,]
6-8-0.001000-[2,5,1,4,0,3,]
6-2-0.000000-[4,2,0,5,3,1,]
6-2-0.001000-[3,0,4,1,5,2,]
6-9-0.002000-[2,5,1,4,0,3,]
6-4-0.001000-[2,5,1,4,0,3,]
6-1-0.000000-[4,2,0,5,3,1,]
6-1-0.000000-[2,5,1,4,0,3,]
6-3-0.000000-[3,0,4,1,5,2,]
6-45-0.003000-[3,0,4,1,5,2,]
6-21-0.001000-[4,2,0,5,3,1,]
6-31-0.002000-[2,5,1,4,0,3,]
6-5-0.001000-[1,3,5,0,2,4,]
6-6-0.001000-[1,3,5,0,2,4,]
6-6-0.000000-[3,0,4,1,5,2,]
6-5-0.000000-[1,3,5,0,2,4,]
6-17-0.002000-[1,3,5,0,2,4,]
6-13-0.001000-[3,0,4,1,5,2,]
6-21-0.002000-[4,2,0,5,3,1,]
6-8-0.000000-[1,3,5,0,2,4,]
6-15-0.001000-[2,5,1,4,0,3,]
6-7-0.001000-[4,2,0,5,3,1,]
6-3-0.000000-[3,0,4,1,5,2,]
6-14-0.002000-[4,2,0,5,3,1,]
6-2-0.000000-[3,0,4,1,5,2,]
6-1-0.000000-[2,5,1,4,0,3,]
6-4-0.000000-[2,5,1,4,0,3,]
6-5-0.001000-[1,3,5,0,2,4,]
6-8-0.001000-[2,5,1,4,0,3,]
6-1-0.000000-[1,3,5,0,2,4,]
6-4-0.001000-[4,2,0,5,3,1,]
6-20-0.001000-[1,3,5,0,2,4,]
6-9-0.000000-[4,2,0,5,3,1,]
6-20-0.001000-[1,3,5,0,2,4,]
6-6-0.001000-[2,5,1,4,0,3,]
6-6-0.000000-[4,2,0,5,3,1,]
6-23-0.001000-[4,2,0,5,3,1,]
6-32-0.002000-[4,2,0,5,3,1,]
6-1-0.000000-[1,3,5,0,2,4,]
6-8-0.001000-[2,5,1,4,0,3,]
6-13-0.001000-[1,3,5,0,2,4,]
6-2-0.001000-[2,5,1,4,0,3,]
6-9-0.000000-[3,0,4,1,5,2,]
6-19-0.001000-[2,5,1,4,0,3,]
6-5-0.001000-[1,3,5,0,2,4,]
6-23-0.001000-[3,0,4,1,5,2,]
6-7-0.000000-[2,5,1,4,0,3,]
6-12-0.001000-[1,3,5,0,2,4,]
6-9-0.000000-[4,2,0,5,3,1,]
6-4-0.000000-[3,0,4,1,5,2,]
6-7-0.001000-[1,3,5,0,2,4,]
6-1-0.000000-[4,2,0,5,3,1,]
6-8-0.000000-[2,5,1,4,0,3,]
6-1-0.001000-[1,3,5,0,2,4,]
6-2-0.000000-[3,0,4,1,5,2,]
6-2-0.001000-[1,3,5,0,2,4,]
6-6-0.000000-[1,3,5,0,2,4,]
6-15-0.002000-[3,0,4,1,5,2,]
6-2-0.000000-[1,3,5,0,2,4,]
6-3-0.000000-[2,5,1,4,0,3,]
6-10-0.000000-[1,3,5,0,2,4,]
6-5-0.000000-[1,3,5,0,2,4,]
6-3-0.001000-[4,2,0,5,3,1,]
6-4-0.000000-[1,3,5,0,2,4,]
6-11-0.001000-[3,0,4,1,5,2,]
6-16-0.002000-[1,3,5,0,2,4,]
6-9-0.001000-[3,0,4,1,5,2,]
6-9-0.001000-[4,2,0,5,3,1,]
