5-2-0.000000-[4,2,0,3,1,]
5-2-0.000000-[1,4,2,0,3,]
5-1-0.000000-[3,1,4,2,0,]
5-1-0.000000-[1,4,2,0,3,]
5-1-0.000000-[0,2,4,1,3,]
5-2-0.000000-[3,1,4,2,0,]
5-2-0.000000-[1,3,0,2,4,]
5-1-0.000000-[3,1,4,2,0,]
5-2-0.000000-[3,1,4,2,0,]
5-1-0.000000-[4,2,0,3,1,]
5-1-0.000000-[4,2,0,3,1,]
5-1-0.000000-[3,1,4,2,0,]
5-1-0.000000-[3,0,2,4,1,]
5-2-0.000000-[4,2,0,3,1,]
5-1-0.000000-[3,1,4,2,0,]
5-2-0.000000-[3,0,2,4,1,]
5-1-0.000000-[4,2,0,3,1,]
5-1-0.000000-[2,4,1,3,0,]
5-1-0.000000-[2,4,1,3,0,]
5-2-0.000000-[1,3,0,2,4,]
5-2-0.000000-[1,4,2,0,3,]
5-1-0.000000-[1,4,2,0,3,]
5-1-0.000000-[4,1,3,0,2,]
5-1-0.000000-[0,2,4,1,3,]
5-1-0.000000-[1,4,2,0,3,]
5-1-0.000000-[2,0,3,1,4,]
5-1-0.000000-[0,3,1,4,2,]
5-1-0.000000-[1,3,0,2,4,]
5-2-0.000000-[0,2,4,1,3,]
5-1-0.000000-[4,2,0,3,1,]
5-1-0.000000-[3,0,2,4,1,]
5-2-0.001000-[3,0,2,4,1,]
5-3-0.000000-[0,3,1,4,2,]
5-2-0.000000-[3,0,2,4,1,]
5-1-0.001000-[3,1,4,2,0,]
5-5-0.000000-[4,1,3,0,2,]
5-2-0.000000-[4,1,3,0,2,]
5-4-0.000000-[1,4,2,0,3,]
5-1-0.000000-[1,4,2,0,3,]
5-3-0.000000-[2,4,1,3,0,]
5-1-0.000000-[2,0,3,1,4,]
5-2-0.000000-[2,0,3,1,4,]
5-1-0.000000-[1,3,0,2,4,]
5-2-0.000000-[1,4,2,0,3,]
5-1-0.000000-[3,0,2,4,1,]
5-2-0.000000-[3,0,2,4,1,]
5-5-0.001000-[4,1,3,0,2,]
5-1-0.000000-[1,3,0,2,4,]
5-1-0.000000-[4,2,0,3,1,]
5-2-0.000000-[2,0,3,1,4,]
5-2-0.000000-[3,1,4,2,0,]
5-1-0.000000-[4,1,3,0,2,]
5-1-0.000000-[3,1,4,2,0,]
5-2-0.000000-[0,3,1,4,2,]
5-1-0.000000-[3,1,4,2,0,]
5-2-0.000000-[1,4,2,0,3,]
5-1-0.000000-[0,3,1,4,2,]
5-1-0.000000-[4,2,0,3,1,]
5-2-0.000000-[1,3,0,2,4,]
5-1-0.000000-[0,2,4,1,3,]
5-1-0.000000-[1,4,2,0,3,]
5-1-0.000000-[4,2,0,3,1,]
5-1-0.000000-[0,2,4,1,3,]
5-1-0.000000-[1,3,0,2,4,]
5-2-0.000000-[2,0,3,1,4,]
5-3-0.000000-[2,4,1,3,0,]
5-2-0.000000-[4,1,3,0,2,]
5-1-0.001000-[1,4,2,0,3,]
5-1-0.000000-[4,1,3,0,2,]
5-1-0.000000-[1,4,2,0,3,]
5-2-0.000000-[4,2,0,3,1,]
5-1-0.000000-[4,1,3,0,2,]
5-1-0.000000-[1,4,2,0,3,]
5-1-0.000000-[3,0,2,4,1,]
5-1-0.000000-[1,4,2,0,3,]
5-2-0.001000-[0,2,4,1,3,]
5-4-0.000000-[1,4,2,0,3,]
5-1-0.000000-[1,3,0,2,4,]
5-1-0.000000-[2,0,3,1,4,]
5-1-0.000000-[4,1,3,0,2,]
5-2-0.000000-[0,3,1,4,2,]
5-1-0.000000-[0,2,4,1,3,]
5-2-0.000000-[3,0,2,4,1,]
5-1-0.001000-[2,0,3,1,4,]
5-4-0.000000-[3,1,4,2,0,]
5-1-0.000000-[1,3,0,2,4,]
5-1-0.000000-[0,3,1,4,2,]
5-1-0.000000-[1,3,0,2,4,]
5-1-0.000000-[1,4,2,0,3,]
5-2-0.000000-[4,2,0,3,1,]
5-2-0.000000-[4,1,3,0,2,]
5-3-0.000000-[0,3,1,4,2,]
5-1-0.000000-[3,1,4,2,0,]
5-2-0.000000-[3,1,4,2,0,]
5-2-0.000000-[1,4,2,0,3,]
5-2-0.000000-[4,2,0,3,1,]
5-2-0.000000-[0,2,4,1,3,]
5-1-0.000000-[1,3,0,2,4,]
5-1-0.000000-[4,2,0,3,1,]
5-1-0.000000-[1,3,0,2,4,]
5-1-0.000000-[0,2,4,1,3,]
5-1-0.000000-[0,2,4,1,3,]
5-1-0.000000-[4,2,0,3,1,]
5-2-0.000000-[4,1,3,0,2,]
5-2-0.000000-[0,2,4,1,3,]
5-1-0.000000-[2,4,1,3,0,]
5-1-0.000000-[4,1,3,0,2,]
5-1-0.001000-[3,1,4,2,0,]
5-3-0.000000-[3,0,2,4,1,]
5-1-0.000000-[1,3,0,2,4,]
5-5-0.000000-[1,4,2,0,3,]
5-2-0.000000-[3,0,2,4,1,]
5-2-0.000000-[0,3,1,4,2,]
5-1-0.000000-[4,2,0,3,1,]
5-1-0.000000-[1,4,2,0,3,]
5-1-0.000000-[1,3,0,2,4,]
5-1-0.000000-[1,4,2,0,3,]
5-1-0.000000-[4,2,0,3,1,]
5-3-0.000000-[0,3,1,4,2,]
5-2-0.000000-[0,2,4,1,3,]
5-1-0.000000-[0,2,4,1,3,]
5-1-0.000000-[1,4,2,0,3,]
5-1-0.000000-[1,3,0,2,4,]
5-2-0.000000-[4,1,3,0,2,]
5-1-0.000000-[2,4,1,3,0,]
5-3-0.000000-[1,4,2,0,3,]
5-1-0.001000-[4,2,0,3,1,]
5-1-0.000000-[4,1,3,0,2,]
5-1-0.000000-[3,1,4,2,0,]
5-2-0.000000-[2,4,1,3,0,]
5-1-0.000000-[0,3,1,4,2,]
5-1-0.000000-[3,0,2,4,1,]
5-2-0.000000-[4,1,3,0,2,]
5-2-0.000000-[1,3,0,2,4,]
5-1-0.000000-[0,3,1,4,2,]
5-4-0.001000-[1,4,2,0,3,]
5-2-0.000000-[0,2,4,1,3,]
5-1-0.000000-[3,1,4,2,0,]
5-4-0.000000-[2,4,1,3,0,]
5-1-0.001000-[4,1,3,0,2,]
5-1-0.000000-[1,4,2,0,3,]
5-1-0.000000-[0,3,1,4,2,]
5-2-0.000000-[0,3,1,4,2,]
5-2-0.000000-[3,1,4,2,0,]
5-2-0.000000-[1,4,2,0,3,]
5-1-0.000000-[0,2,4,1,3,]
5-2-0.000000-[3,1,4,2,0,]
5-1-0.001000-[4,1,3,0,2,]
5-2-0.000000-[0,2,4,1,3,]
5-1-0.000000-[1,4,2,0,3,]
5-2-0.000000-[3,1,4,2,0,]
5-4-0.000000-[3,1,4,2,0,]
5-4-0.000000-[1,4,2,0,3,]
5-2-0.000000-[2,0,3,1,4,]
5-1-0.000000-[4,1,3,0,2,]
5-1-0.001000-[1,3,0,2,4,]
5-4-0.001000-[0,2,4,1,3,]
5-1-0.000000-[2,0,3,1,4,]
5-1-0.000000-[2,0,3,1,4,]
5-2-0.000000-[0,3,1,4,2,]
5-2-0.000000-[3,0,2,4,1,]
5-1-0.000000-[3,0,2,4,1,]
5-1-0.000000-[0,3,1,4,2,]
5-1-0.000000-[0,3,1,4,2,]
5-1-0.000000-[3,1,4,2,0,]
5-1-0.000000-[2,4,1,3,0,]
5-2-0.000000-[1,3,0,2,4,]
5-1-0.000000-[0,3,1,4,2,]
5-1-0.000000-[2,0,3,1,4,]
5-1-0.000000-[4,2,0,3,1,]
5-1-0.000000-[2,4,1,3,0,]
5-1-0.000000-[4,1,3,0,2,]
5-1-0.000000-[2,0,3,1,4,]
5-2-0.000000-[3,1,4,2,0,]
5-2-0.000000-[4,1,3,0,2,]
5-2-0.000000-[0,2,4,1,3,]
5-1-0.000000-[4,2,0,3,1,]
5-2-0.000000-[0,3,1,4,2,]
5-2-0.000000-[3,1,4,2,0,]
5-1-0.000000-[4,2,0,3,1,]
5-1-0.000000-[4,2,0,3,1,]
5-4-0.000000-[1,3,0,2,4,]
5-3-0.000000-[1,4,2,0,3,]
5-1-0.000000-[2,4,1,3,0,]
5-1-0.000000-[4,1,3,0,2,]
5-5-0.001000-[1,4,2,0,3,]
5-2-0.000000-[1,3,0,2,4,]
5-1-0.000000-[0,2,4,1,3,]
5-1-0.000000-[4,2,0,3,1,]
5-2-0.000000-[2,0,3,1,4,]
5-2-0.000000-[1,4,2,0,3,]
5-7-0.000000-[1,4,2,0,3,]
5-1-0.000000-[3,0,2,4,1,]
5-2-0.000000-[2,0,3,1,4,]
5-1-0.000000-[1,3,0,2,4,]
5-4-0.000000-[4,2,0,3,1,]
5-1-0.000000-[2,0,3,1,4,]
5-1-0.000000-[3,1,4,2,0,]
5-2-0.000000-[3,1,4,2,0,]
5-2-0.000000-[3,1,4,2,0,]
5-1-0.000000-[4,2,0,3,1,]
5-1-0.000000-[1,4,2,0,3,]
5-1-0.000000-[4,2,0,3,1,]
5-2-0.000000-[4,1,3,0,2,]
5-2-0.000000-[4,1,3,0,2,]
5-1-0.000000-[4,2,0,3,1,]
5-2-0.000000-[2,4,1,3,0,]
5-1-0.000000-[2,0,3,1,4,]
5-2-0.000000-[2,0,3,1,4,]
5-1-0.000000-[1,3,0,2,4,]
5-1-0.000000-[4,1,3,0,2,]
5-1-0.000000-[2,0,3,1,4,]
5-2-0.000000-[3,0,2,4,1,]
5-1-0.000000-[2,0,3,1,4,]
5-1-0.000000-[2,4,1,3,0,]
5-2-0.000000-[4,2,0,3,1,]
5-2-0.000000-[4,1,3,0,2,]
5-4-0.000000-[1,3,0,2,4,]
5-1-0.000000-[2,0,3,1,4,]
5-1-0.000000-[1,3,0,2,4,]
5-3-0.000000-[4,1,3,0,2,]
5-2-0.000000-[4,2,0,3,1,]
5-1-0.000000-[4,2,0,3,1,]
5-2-0.000000-[4,2,0,3,1,]
5-1-0.000000-[4,1,3,0,2,]
5-1-0.000000-[0,2,4,1,3,]
5-1-0.000000-[1,3,0,2,4,]
5-4-0.000000-[2,0,3,1,4,]
5-1-0.000000-[1,4,2,0,3,]
5-1-0.000000-[4,2,0,3,1,]
5-2-0.000000-[4,2,0,3,1,]
5-1-0.000000-[0,2,4,1,3,]
5-1-0.000000-[4,1,3,0,2,]
5-1-0.000000-[4,1,3,0,2,]
5-1-0.000000-[4,2,0,3,1,]
5-3-0.000000-[3,0,2,4,1,]
5-2-0.001000-[2,4,1,3,0,]
5-1-0.000000-[4,2,0,3,1,]
5-1-0.000000-[0,2,4,1,3,]
5-2-0.000000-[1,4,2,0,3,]
5-2-0.000000-[2,0,3,1,4,]
5-2-0.000000-[2,4,1,3,0,]
5-1-0.000000-[4,1,3,0,2,]
5-2-0.000000-[1,3,0,2,4,]
5-5-0.000000-[1,3,0,2,4,]
5-1-0.000000-[1,3,0,2,4,]
5-1-0.000000-[2,0,3,1,4,]
5-3-0.000000-[3,0,2,4,1,]
5-1-0.000000-[3,1,4,2,0,]
5-2-0.000000-[3,0,2,4,1,]
5-1-0.000000-[0,2,4,1,3,]
5-1-0.000000-[1,3,0,2,4,]
5-1-0.000000-[0,3,1,4,2,]
5-1-0.000000-[4,1,3,0,2,]
5-1-0.000000-[2,0,3,1,4,]
5-1-0.000000-[3,1,4,2,0,]
5-1-0.000000-[4,1,3,0,2,]
5-1-0.000000-[4,2,0,3,1,]
5-1-0.000000-[4,2,0,3,1,]
5-4-0.001000-[2,0,3,1,4,]
5-1-0.000000-[1,4,2,0,3,]
5-1-0.000000-[2,4,1,3,0,]
5-1-0.000000-[4,1,3,0,2,]
5-2-0.000000-[0,2,4,1,3,]
5-2-0.000000-[3,0,2,4,1,]
5-2-0.000000-[2,4,1,3,0,]
5-1-0.000000-[0,3,1,4,2,]
5-1-0.000000-[4,1,3,0,2,]
5-1-0.000000-[3,0,2,4,1,]
5-3-0.000000-[2,0,3,1,4,]
5-1-0.000000-[1,4,2,0,3,]
5-3-0.000000-[4,2,0,3,1,]
5-1-0.000000-[4,1,3,0,2,]
5-1-0.000000-[4,1,3,0,2,]
5-1-0.000000-[0,2,4,1,3,]
5-3-0.000000-[1,3,0,2,4,]
5-2-0.000000-[3,1,4,2,0,]
5-1-0.000000-[4,1,3,0,2,]
5-1-0.000000-[3,0,2,4,1,]
5-1-0.000000-[1,4,2,0,3,]
5-1-0.000000-[0,3,1,4,2,]
5-1-0.000000-[2,4,1,3,0,]
5-1-0.000000-[1,4,2,0,3,]
5-1-0.001000-[4,1,3,0,2,]
5-1-0.000000-[3,0,2,4,1,]
5-2-0.000000-[1,3,0,2,4,]
5-3-0.000000-[1,3,0,2,4,]
5-1-0.000000-[1,3,0,2,4,]
5-1-0.000000-[2,0,3,1,4,]
5-1-0.000000-[4,2,0,3,1,]
5-1-0.000000-[0,2,4,1,3,]
5-1-0.000000-[2,4,1,3,0,]
5-3-0.000000-[3,1,4,2,0,]
5-1-0.000000-[2,4,1,3,0,]
5-1-0.000000-[0,3,1,4,2,]
5-2-0.000000-[4,2,0,3,1,]
5-2-0.000000-[3,1,4,2,0,]
5-1-0.000000-[3,1,4,2,0,]
5-1-0.000000-[1,3,0,2,4,]
5-1-0.000000-[2,0,3,1,4,]
5-1-0.000000-[3,1,4,2,0,]
5-1-0.000000-[1,4,2,0,3,]
5-2-0.000000-[1,4,2,0,3,]
5-4-0.000000-[3,1,4,2,0,]
5-4-0.000000-[4,1,3,0,2,]
5-1-0.000000-[4,1,3,0,2,]
5-1-0.000000-[4,1,3,0,2,]
5-3-0.000000-[0,2,4,1,3,]
5-1-0.000000-[2,0,3,1,4,]
5-1-0.000000-[3,0,2,4,1,]
5-4-0.000000-[1,4,2,0,3,]
5-3-0.000000-[1,3,0,2,4,]
5-1-0.000000-[0,2,4,1,3,]
5-1-0.000000-[0,2,4,1,3,]
5-2-0.000000-[3,1,4,2,0,]
5-2-0.000000-[3,0,2,4,1,]
5-1-0.000000-[0,2,4,1,3,]
5-1-0.000000-[1,3,0,2,4,]
5-1-0.000000-[1,4,2,0,3,]
5-1-0.000000-[1,4,2,0,3,]
5-2-0.000000-[0,2,4,1,3,]
5-2-0.000000-[4,1,3,0,2,]
5-1-0.000000-[0,2,4,1,3,]
5-2-0.000000-[4,1,3,0,2,]
5-1-0.000000-[0,3,1,4,2,]
5-3-0.000000-[1,3,0,2,4,]
5-1-0.000000-[1,3,0,2,4,]
5-3-0.000000-[4,1,3,0,2,]
5-1-0.000000-[1,3,0,2,4,]
5-1-0.000000-[0,3,1,4,2,]
5-1-0.000000-[0,3,1,4,2,]
5-1-0.000000-[2,0,3,1,4,]
5-2-0.000000-[2,0,3,1,4,]
5-2-0.000000-[0,3,1,4,2,]
5-1-0.000000-[0,2,4,1,3,]
5-1-0.000000-[4,2,0,3,1,]
5-1-0.000000-[2,0,3,1,4,]
5-1-0.000000-[0,2,4,1,3,]
5-1-0.000000-[2,4,1,3,0,]
5-2-0.000000-[0,2,4,1,3,]
5-2-0.000000-[2,4,1,3,0,]
5-3-0.000000-[2,4,1,3,0,]
5-2-0.000000-[2,0,3,1,4,]
5-2-0.000000-[0,3,1,4,2,]
5-3-0.000000-[1,3,0,2,4,]
5-2-0.001000-[0,2,4,1,3,]
5-1-0.000000-[4,1,3,0,2,]
5-1-0.000000-[4,1,3,0,2,]
5-1-0.000000-[0,3,1,4,2,]
5-2-0.000000-[0,2,4,1,3,]
5-1-0.000000-[4,2,0,3,1,]
5-1-0.000000-[4,2,0,3,1,]
5-3-0.000000-[1,4,2,0,3,]
5-1-0.000000-[4,1,3,0,2,]
5-1-0.000000-[1,4,2,0,3,]
5-1-0.000000-[1,3,0,2,4,]
5-2-0.000000-[4,2,0,3,1,]
5-2-0.000000-[2,0,3,1,4,]
5-1-0.000000-[4,2,0,3,1,]
5-3-0.000000-[0,3,1,4,2,]
5-1-0.000000-[0,2,4,1,3,]
5-1-0.000000-[1,4,2,0,3,]
5-3-0.000000-[3,0,2,4,1,]
5-3-0.000000-[1,4,2,0,3,]
5-2-0.000000-[3,0,2,4,1,]
5-1-0.000000-[1,4,2,0,3,]
5-1-0.000000-[1,3,0,2,4,]
5-1-0.000000-[1,4,2,0,3,]
5-1-0.000000-[4,1,3,0,2,]
5-1-0.000000-[2,4,1,3,0,]
5-3-0.000000-[1,4,2,0,3,]
5-2-0.000000-[4,1,3,0,2,]
5-1-0.001000-[2,0,3,1,4,]
5-2-0.000000-[1,4,2,0,3,]
5-1-0.000000-[1,4,2,0,3,]
5-1-0.000000-[1,3,0,2,4,]
5-3-0.000000-[3,0,2,4,1,]
5-1-0.001000-[3,0,2,4,1,]
5-1-0.000000-[1,4,2,0,3,]
5-1-0.000000-[1,4,2,0,3,]
5-1-0.000000-[0,2,4,1,3,]
5-1-0.000000-[2,0,3,1,4,]
5-2-0.000000-[4,1,3,0,2,]
5-2-0.000000-[1,4,2,0,3,]
5-1-0.000000-[4,2,0,3,1,]
5-2-0.001000-[3,1,4,2,0,]
5-2-0.000000-[4,2,0,3,1,]
5-1-0.000000-[4,2,0,3,1,]
5-7-0.001000-[4,1,3,0,2,]
5-2-0.000000-[1,4,2,0,3,]
5-3-0.000000-[3,1,4,2,0,]
5-2-0.000000-[3,1,4,2,0,]
5-1-0.000000-[4,2,0,3,1,]
5-2-0.000000-[4,2,0,3,1,]
5-1-0.000000-[4,2,0,3,1,]
5-1-0.000000-[2,4,1,3,0,]
5-1-0.000000-[3,0,2,4,1,]
5-4-0.000000-[0,2,4,1,3,]
5-1-0.000000-[4,1,3,0,2,]
5-1-0.000000-[4,2,0,3,1,]
5-5-0.000000-[3,1,4,2,0,]
5-2-0.000000-[0,3,1,4,2,]
5-1-0.000000-[0,2,4,1,3,]
5-1-0.000000-[3,0,2,4,1,]
5-3-0.001000-[1,3,0,2,4,]
5-3-0.000000-[0,2,4,1,3,]
5-2-0.000000-[1,4,2,0,3,]
5-1-0.000000-[2,0,3,1,4,]
5-1-0.000000-[3,0,2,4,1,]
5-2-0.000000-[4,1,3,0,2,]
5-1-0.000000-[3,0,2,4,1,]
5-2-0.001000-[3,0,2,4,1,]
5-1-0.000000-[2,4,1,3,0,]
5-1-0.000000-[4,1,3,0,2,]
5-2-0.000000-[1,4,2,0,3,]
5-1-0.000000-[3,0,2,4,1,]
5-1-0.000000-[1,3,0,2,4,]
5-1-0.000000-[1,3,0,2,4,]
5-1-0.000000-[3,1,4,2,0,]
5-2-0.001000-[2,4,1,3,0,]
5-1-0.000000-[1,4,2,0,3,]
5-2-0.000000-[0,2,4,1,3,]
5-2-0.000000-[0,3,1,4,2,]
5-1-0.000000-[3,1,4,2,0,]
5-1-0.000000-[3,1,4,2,0,]
5-3-0.000000-[0,3,1,4,2,]
5-2-0.000000-[3,1,4,2,0,]
5-3-0.000000-[4,1,3,0,2,]
5-4-0.000000-[2,0,3,1,4,]
5-2-0.000000-[0,2,4,1,3,]
5-2-0.000000-[4,2,0,3,1,]
5-1-0.000000-[3,0,2,4,1,]
5-1-0.000000-[4,1,3,0,2,]
5-2-0.000000-[2,0,3,1,4,]
5-1-0.000000-[3,1,4,2,0,]
5-1-0.000000-[1,4,2,0,3,]
5-2-0.000000-[3,1,4,2,0,]
5-1-0.000000-[1,3,0,2,4,]
5-1-0.000000-[3,0,2,4,1,]
5-1-0.000000-[1,4,2,0,3,]
5-3-0.000000-[4,1,3,0,2,]
5-2-0.000000-[2,0,3,1,4,]
5-3-0.000000-[1,4,2,0,3,]
5-1-0.000000-[2,0,3,1,4,]
5-1-0.000000-[1,3,0,2,4,]
5-2-0.000000-[4,2,0,3,1,]
5-1-0.000000-[2,4,1,3,0,]
5-2-0.000000-[0,2,4,1,3,]
5-1-0.000000-[4,2,0,3,1,]
5-1-0.000000-[3,0,2,4,1,]
5-2-0.000000-[0,2,4,1,3,]
5-1-0.000000-[4,2,0,3,1,]
5-1-0.000000-[4,1,3,0,2,]
5-1-0.000000-[2,0,3,1,4,]
5-1-0.000000-[1,4,2,0,3,]
5-1-0.000000-[0,2,4,1,3,]
5-3-0.001000-[2,4,1,3,0,]
5-2-0.000000-[4,1,3,0,2,]
5-2-0.000000-[3,1,4,2,0,]
5-1-0.000000-[4,1,3,0,2,]
5-3-0.000000-[3,0,2,4,1,]
5-1-0.000000-[4,2,0,3,1,]
5-1-0.000000-[4,1,3,0,2,]
5-1-0.000000-[4,1,3,0,2,]
5-1-0.000000-[4,1,3,0,2,]
5-2-0.000000-[1,3,0,2,4,]
5-1-0.000000-[1,3,0,2,4,]
5-2-0.000000-[4,1,3,0,2,]
5-1-0.000000-[4,1,3,0,2,]
5-1-0.001000-[1,3,0,2,4,]
5-1-0.000000-[1,4,2,0,3,]
5-1-0.000000-[1,3,0,2,4,]
5-3-0.000000-[3,1,4,2,0,]
5-2-0.000000-[3,0,2,4,1,]
5-2-0.000000-[4,2,0,3,1,]
5-2-0.000000-[1,3,0,2,4,]
5-1-0.000000-[1,3,0,2,4,]
5-2-0.000000-[3,1,4,2,0,]
5-1-0.000000-[1,4,2,0,3,]
5-1-0.000000-[2,4,1,3,0,]
5-2-0.000000-[4,1,3,0,2,]
5-2-0.000000-[0,3,1,4,2,]
5-1-0.000000-[3,0,2,4,1,]
5-1-0.000000-[2,4,1,3,0,]
5-1-0.000000-[1,4,2,0,3,]
5-1-0.000000-[4,1,3,0,2,]
5-1-0.000000-[4,2,0,3,1,]
5-2-0.000000-[4,1,3,0,2,]
5-1-0.000000-[1,4,2,0,3,]
5-1-0.001000-[0,2,4,1,3,]
5-3-0.000000-[0,2,4,1,3,]
5-3-0.000000-[4,2,0,3,1,]
5-1-0.000000-[1,3,0,2,4,]
5-1-0.000000-[1,4,2,0,3,]
5-1-0.000000-[3,0,2,4,1,]
5-3-0.000000-[1,4,2,0,3,]
5-1-0.000000-[4,1,3,0,2,]
5-2-0.000000-[4,1,3,0,2,]
5-3-0.000000-[3,0,2,4,1,]
5-1-0.000000-[1,4,2,0,3,]
5-1-0.000000-[4,1,3,0,2,]
5-1-0.001000-[3,0,2,4,1,]
5-2-0.000000-[0,2,4,1,3,]
5-1-0.000000-[4,1,3,0,2,]
5-2-0.000000-[2,4,1,3,0,]
5-1-0.001000-[2,0,3,1,4,]
5-1-0.000000-[1,3,0,2,4,]
5-2-0.000000-[2,4,1,3,0,]
5-3-0.001000-[2,4,1,3,0,]
5-2-0.000000-[4,2,0,3,1,]
5-1-0.000000-[0,3,1,4,2,]
5-1-0.000000-[2,4,1,3,0,]
5-2-0.000000-[2,0,3,1,4,]
5-1-0.000000-[4,1,3,0,2,]
5-1-0.000000-[1,4,2,0,3,]
5-1-0.001000-[0,3,1,4,2,]
5-4-0.000000-[3,1,4,2,0,]
5-1-0.000000-[1,4,2,0,3,]
5-1-0.000000-[0,2,4,1,3,]
5-1-0.000000-[1,4,2,0,3,]
5-1-0.001000-[4,1,3,0,2,]
5-1-0.000000-[1,4,2,0,3,]
5-1-0.000000-[1,3,0,2,4,]
5-1-0.000000-[4,2,0,3,1,]
5-4-0.000000-[0,2,4,1,3,]
5-3-0.000000-[4,1,3,0,2,]
5-1-0.000000-[1,4,2,0,3,]
5-1-0.000000-[3,1,4,2,0,]
5-1-0.000000-[2,0,3,1,4,]
5-1-0.000000-[0,2,4,1,3,]
5-2-0.000000-[3,0,2,4,1,]
5-3-0.000000-[3,1,4,2,0,]
5-1-0.000000-[1,4,2,0,3,]
5-1-0.000000-[4,1,3,0,2,]
5-1-0.000000-[2,0,3,1,4,]
5-2-0.000000-[1,3,0,2,4,]
5-1-0.000000-[4,2,0,3,1,]
5-1-0.000000-[4,2,0,3,1,]
5-1-0.000000-[1,4,2,0,3,]
5-1-0.000000-[1,4,2,0,3,]
5-1-0.000000-[1,4,2,0,3,]
5-1-0.000000-[1,4,2,0,3,]
5-1-0.000000-[4,1,3,0,2,]
5-1-0.000000-[4,1,3,0,2,]
5-3-0.000000-[3,0,2,4,1,]
5-2-0.000000-[1,3,0,2,4,]
5-1-0.000000-[2,0,3,1,4,]
5-1-0.000000-[3,1,4,2,0,]
5-1-0.000000-[0,2,4,1,3,]
5-1-0.000000-[4,1,3,0,2,]
5-1-0.000000-[4,2,0,3,1,]
5-1-0.000000-[1,3,0,2,4,]
5-3-0.000000-[1,4,2,0,3,]
5-2-0.001000-[2,4,1,3,0,]
5-3-0.000000-[2,4,1,3,0,]
5-1-0.000000-[4,1,3,0,2,]
5-1-0.000000-[1,4,2,0,3,]
5-3-0.000000-[0,2,4,1,3,]
5-1-0.000000-[0,2,4,1,3,]
5-4-0.000000-[3,0,2,4,1,]
5-1-0.000000-[4,1,3,0,2,]
5-2-0.000000-[1,4,2,0,3,]
5-2-0.000000-[3,0,2,4,1,]
5-3-0.000000-[4,1,3,0,2,]
5-2-0.000000-[4,2,0,3,1,]
5-1-0.000000-[0,2,4,1,3,]
5-1-0.000000-[2,4,1,3,0,]
5-2-0.001000-[3,0,2,4,1,]
5-1-0.000000-[3,0,2,4,1,]
5-3-0.000000-[3,0,2,4,1,]
5-2-0.000000-[0,2,4,1,3,]
5-2-0.000000-[4,1,3,0,2,]
5-1-0.000000-[0,3,1,4,2,]
5-1-0.000000-[2,0,3,1,4,]
5-1-0.000000-[4,2,0,3,1,]
5-2-0.000000-[4,1,3,0,2,]
5-3-0.000000-[4,1,3,0,2,]
5-1-0.000000-[4,2,0,3,1,]
5-2-0.000000-[2,0,3,1,4,]
5-1-0.000000-[2,4,1,3,0,]
5-1-0.000000-[4,1,3,0,2,]
5-3-0.001000-[0,3,1,4,2,]
5-1-0.000000-[0,2,4,1,3,]
5-1-0.000000-[2,0,3,1,4,]
5-1-0.000000-[1,3,0,2,4,]
5-2-0.000000-[1,3,0,2,4,]
5-1-0.000000-[3,0,2,4,1,]
5-1-0.000000-[4,2,0,3,1,]
5-1-0.000000-[4,2,0,3,1,]
5-1-0.000000-[0,3,1,4,2,]
5-2-0.000000-[3,0,2,4,1,]
5-1-0.000000-[1,4,2,0,3,]
5-3-0.001000-[3,1,4,2,0,]
5-1-0.000000-[4,2,0,3,1,]
5-1-0.000000-[3,1,4,2,0,]
5-2-0.000000-[3,0,2,4,1,]
5-1-0.000000-[4,2,0,3,1,]
5-3-0.001000-[2,0,3,1,4,]
5-1-0.000000-[3,1,4,2,0,]
5-5-0.000000-[2,4,1,3,0,]
5-1-0.001000-[4,2,0,3,1,]
5-3-0.000000-[4,2,0,3,1,]
5-1-0.000000-[1,3,0,2,4,]
5-1-0.000000-[4,2,0,3,1,]
5-2-0.000000-[0,3,1,4,2,]
5-1-0.000000-[1,4,2,0,3,]
5-2-0.000000-[0,3,1,4,2,]
5-1-0.000000-[1,4,2,0,3,]
5-2-0.001000-[1,3,0,2,4,]
5-3-0.000000-[1,4,2,0,3,]
5-2-0.000000-[2,0,3,1,4,]
5-1-0.000000-[4,1,3,0,2,]
5-1-0.000000-[2,4,1,3,0,]
5-1-0.001000-[4,2,0,3,1,]
5-2-0.000000-[4,1,3,0,2,]
5-1-0.000000-[1,4,2,0,3,]
5-1-0.000000-[4,2,0,3,1,]
5-1-0.000000-[4,2,0,3,1,]
5-2-0.000000-[1,4,2,0,3,]
5-1-0.000000-[2,4,1,3,0,]
5-1-0.000000-[1,3,0,2,4,]
5-3-0.000000-[0,2,4,1,3,]
5-2-0.000000-[0,3,1,4,2,]
5-1-0.000000-[1,3,0,2,4,]
5-2-0.000000-[0,3,1,4,2,]
5-2-0.000000-[2,4,1,3,0,]
5-1-0.000000-[1,4,2,0,3,]
5-2-0.000000-[4,1,3,0,2,]
5-1-0.000000-[0,2,4,1,3,]
5-2-0.000000-[0,2,4,1,3,]
5-1-0.000000-[1,4,2,0,3,]
5-2-0.000000-[1,3,0,2,4,]
5-3-0.000000-[2,0,3,1,4,]
5-2-0.000000-[1,3,0,2,4,]
5-2-0.000000-[0,3,1,4,2,]
5-3-0.000000-[1,4,2,0,3,]
5-1-0.000000-[2,4,1,3,0,]
5-3-0.000000-[3,0,2,4,1,]
5-1-0.000000-[4,1,3,0,2,]
5-1-0.000000-[4,2,0,3,1,]
5-1-0.000000-[3,0,2,4,1,]
5-1-0.000000-[1,4,2,0,3,]
5-2-0.000000-[2,0,3,1,4,]
5-2-0.000000-[2,0,3,1,4,]
5-2-0.001000-[4,2,0,3,1,]
5-2-0.000000-[0,3,1,4,2,]
5-2-0.000000-[1,4,2,0,3,]
5-1-0.000000-[3,0,2,4,1,]
5-3-0.000000-[1,4,2,0,3,]
5-1-0.000000-[1,4,2,0,3,]
5-1-0.001000-[2,4,1,3,0,]
5-1-0.000000-[4,2,0,3,1,]
5-1-0.000000-[2,0,3,1,4,]
5-3-0.000000-[1,3,0,2,4,]
5-1-0.000000-[4,2,0,3,1,]
5-1-0.000000-[0,3,1,4,2,]
5-1-0.000000-[4,1,3,0,2,]
5-1-0.000000-[0,2,4,1,3,]
5-2-0.000000-[4,1,3,0,2,]
5-2-0.000000-[4,2,0,3,1,]
5-1-0.000000-[4,2,0,3,1,]
5-1-0.000000-[2,4,1,3,0,]
5-1-0.000000-[0,2,4,1,3,]
5-1-0.000000-[0,2,4,1,3,]
5-2-0.000000-[4,2,0,3,1,]
5-3-0.000000-[2,0,3,1,4,]
5-1-0.000000-[2,4,1,3,0,]
5-3-0.001000-[1,3,0,2,4,]
5-2-0.000000-[0,3,1,4,2,]
5-2-0.000000-[2,0,3,1,4,]
5-1-0.000000-[3,1,4,2,0,]
5-2-0.000000-[1,4,2,0,3,]
5-1-0.000000-[3,0,2,4,1,]
5-1-0.000000-[1,4,2,0,3,]
5-1-0.000000-[0,2,4,1,3,]
5-1-0.001000-[1,4,2,0,3,]
5-1-0.000000-[0,3,1,4,2,]
5-2-0.000000-[4,1,3,0,2,]
5-1-0.000000-[2,4,1,3,0,]
5-1-0.000000-[4,2,0,3,1,]
5-1-0.000000-[4,1,3,0,2,]
5-2-0.000000-[0,3,1,4,2,]
5-1-0.000000-[4,1,3,0,2,]
5-1-0.000000-[4,2,0,3,1,]
5-2-0.000000-[0,2,4,1,3,]
5-2-0.000000-[2,0,3,1,4,]
5-1-0.000000-[1,3,0,2,4,]
5-1-0.000000-[4,1,3,0,2,]
5-3-0.000000-[2,4,1,3,0,]
5-1-0.000000-[0,3,1,4,2,]
5-1-0.000000-[2,4,1,3,0,]
5-1-0.000000-[1,4,2,0,3,]
5-2-0.000000-[3,0,2,4,1,]
5-1-0.000000-[2,4,1,3,0,]
5-1-0.000000-[4,1,3,0,2,]
5-1-0.000000-[2,4,1,3,0,]
5-1-0.000000-[4,1,3,0,2,]
5-1-0.000000-[4,1,3,0,2,]
5-2-0.000000-[3,1,4,2,0,]
5-1-0.000000-[0,2,4,1,3,]
5-1-0.000000-[0,3,1,4,2,]
5-2-0.000000-[1,4,2,0,3,]
5-2-0.000000-[2,0,3,1,4,]
5-1-0.001000-[4,2,0,3,1,]
5-1-0.000000-[1,3,0,2,4,]
5-1-0.000000-[1,4,2,0,3,]
5-2-0.000000-[0,2,4,1,3,]
5-1-0.000000-[1,3,0,2,4,]
5-4-0.000000-[4,2,0,3,1,]
5-1-0.000000-[4,2,0,3,1,]
5-1-0.000000-[0,3,1,4,2,]
5-2-0.000000-[1,4,2,0,3,]
5-1-0.000000-[1,3,0,2,4,]
5-1-0.000000-[4,1,3,0,2,]
5-1-0.000000-[3,0,2,4,1,]
5-1-0.000000-[2,0,3,1,4,]
5-2-0.000000-[0,3,1,4,2,]
5-1-0.000000-[2,0,3,1,4,]
5-2-0.000000-[1,3,0,2,4,]
5-1-0.000000-[3,1,4,2,0,]
5-1-0.000000-[4,1,3,0,2,]
5-1-0.000000-[0,2,4,1,3,]
5-1-0.000000-[4,2,0,3,1,]
5-1-0.000000-[1,3,0,2,4,]
5-2-0.000000-[3,1,4,2,0,]
5-4-0.000000-[2,4,1,3,0,]
5-2-0.000000-[2,4,1,3,0,]
5-1-0.000000-[3,1,4,2,0,]
5-1-0.000000-[4,2,0,3,1,]
5-2-0.000000-[1,3,0,2,4,]
5-3-0.000000-[0,2,4,1,3,]
5-3-0.000000-[1,3,0,2,4,]
5-2-0.000000-[3,0,2,4,1,]
5-3-0.000000-[0,3,1,4,2,]
5-1-0.000000-[1,4,2,0,3,]
5-1-0.000000-[0,2,4,1,3,]
5-1-0.000000-[3,1,4,2,0,]
5-1-0.000000-[1,4,2,0,3,]
5-1-0.000000-[4,2,0,3,1,]
5-1-0.000000-[4,2,0,3,1,]
5-1-0.000000-[2,4,1,3,0,]
5-1-0.000000-[4,2,0,3,1,]
5-2-0.000000-[2,0,3,1,4,]
5-1-0.000000-[4,2,0,3,1,]
5-2-0.000000-[4,1,3,0,2,]
5-2-0.000000-[3,0,2,4,1,]
5-3-0.001000-[3,1,4,2,0,]
5-3-0.000000-[3,1,4,2,0,]
5-2-0.000000-[0,3,1,4,2,]
5-2-0.000000-[3,1,4,2,0,]
5-1-0.000000-[4,1,3,0,2,]
5-2-0.001000-[1,3,0,2,4,]
5-2-0.000000-[3,0,2,4,1,]
5-1-0.000000-[4,2,0,3,1,]
5-1-0.001000-[4,1,3,0,2,]
5-5-0.000000-[0,3,1,4,2,]
5-1-0.000000-[2,0,3,1,4,]
5-1-0.000000-[0,3,1,4,2,]
5-1-0.000000-[4,2,0,3,1,]
5-4-0.000000-[4,1,3,0,2,]
5-1-0.000000-[4,2,0,3,1,]
5-2-0.000000-[3,1,4,2,0,]
5-2-0.000000-[3,0,2,4,1,]
5-1-0.000000-[4,1,3,0,2,]
5-4-0.000000-[1,3,0,2,4,]
5-2-0.000000-[1,4,2,0,3,]
5-1-0.000000-[1,4,2,0,3,]
5-2-0.000000-[4,1,3,0,2,]
5-1-0.000000-[1,3,0,2,4,]
5-1-0.000000-[0,2,4,1,3,]
5-1-0.000000-[1,4,2,0,3,]
5-2-0.000000-[1,3,0,2,4,]
5-1-0.000000-[2,0,3,1,4,]
5-1-0.000000-[4,2,0,3,1,]
5-2-0.000000-[4,1,3,0,2,]
5-2-0.000000-[3,1,4,2,0,]
5-1-0.000000-[3,1,4,2,0,]
5-1-0.000000-[4,1,3,0,2,]
5-3-0.001000-[1,3,0,2,4,]
5-2-0.000000-[0,3,1,4,2,]
5-1-0.000000-[2,0,3,1,4,]
5-1-0.000000-[2,0,3,1,4,]
5-4-0.000000-[2,0,3,1,4,]
5-3-0.000000-[3,1,4,2,0,]
5-1-0.000000-[1,3,0,2,4,]
5-2-0.000000-[2,4,1,3,0,]
5-1-0.000000-[0,3,1,4,2,]
5-1-0.000000-[2,0,3,1,4,]
5-1-0.000000-[3,0,2,4,1,]
5-1-0.000000-[4,2,0,3,1,]
5-1-0.000000-[2,0,3,1,4,]
5-3-0.000000-[2,4,1,3,0,]
5-1-0.001000-[1,4,2,0,3,]
5-1-0.000000-[4,1,3,0,2,]
5-2-0.000000-[2,4,1,3,0,]
5-3-0.001000-[3,1,4,2,0,]
5-1-0.000000-[3,0,2,4,1,]
5-2-0.000000-[4,2,0,3,1,]
5-1-0.000000-[4,2,0,3,1,]
5-1-0.000000-[0,2,4,1,3,]
5-1-0.000000-[1,3,0,2,4,]
5-2-0.000000-[2,0,3,1,4,]
5-2-0.000000-[0,2,4,1,3,]
5-3-0.000000-[3,0,2,4,1,]
5-2-0.000000-[4,1,3,0,2,]
5-1-0.000000-[4,2,0,3,1,]
5-1-0.000000-[1,4,2,0,3,]
5-2-0.000000-[1,4,2,0,3,]
5-1-0.000000-[1,4,2,0,3,]
5-3-0.001000-[1,3,0,2,4,]
5-2-0.000000-[0,2,4,1,3,]
5-2-0.000000-[2,0,3,1,4,]
5-1-0.001000-[3,0,2,4,1,]
5-1-0.000000-[4,2,0,3,1,]
5-2-0.000000-[1,3,0,2,4,]
5-3-0.001000-[2,0,3,1,4,]
5-1-0.000000-[1,4,2,0,3,]
5-1-0.000000-[4,1,3,0,2,]
5-1-0.000000-[4,2,0,3,1,]
5-1-0.000000-[1,3,0,2,4,]
5-1-0.000000-[2,0,3,1,4,]
5-3-0.001000-[1,4,2,0,3,]
5-1-0.000000-[1,4,2,0,3,]
5-1-0.000000-[1,4,2,0,3,]
5-1-0.001000-[3,1,4,2,0,]
5-1-0.000000-[4,2,0,3,1,]
5-3-0.000000-[4,2,0,3,1,]
5-2-0.001000-[4,2,0,3,1,]
5-2-0.000000-[4,1,3,0,2,]
5-4-0.000000-[0,2,4,1,3,]
5-3-0.000000-[4,1,3,0,2,]
5-1-0.000000-[1,3,0,2,4,]
5-1-0.000000-[4,2,0,3,1,]
5-3-0.000000-[0,2,4,1,3,]
5-1-0.000000-[1,3,0,2,4,]
5-2-0.000000-[1,4,2,0,3,]
5-2-0.000000-[3,0,2,4,1,]
5-2-0.000000-[2,4,1,3,0,]
5-1-0.000000-[1,3,0,2,4,]
5-1-0.000000-[0,3,1,4,2,]
5-1-0.000000-[4,1,3,0,2,]
5-1-0.000000-[1,4,2,0,3,]
5-1-0.000000-[0,3,1,4,2,]
5-2-0.000000-[3,1,4,2,0,]
5-1-0.000000-[1,4,2,0,3,]
5-4-0.000000-[1,4,2,0,3,]
5-1-0.000000-[4,1,3,0,2,]
5-1-0.000000-[0,3,1,4,2,]
5-1-0.000000-[1,4,2,0,3,]
5-3-0.000000-[0,2,4,1,3,]
5-1-0.000000-[2,0,3,1,4,]
5-1-0.000000-[2,0,3,1,4,]
5-1-0.000000-[3,0,2,4,1,]
5-1-0.001000-[4,2,0,3,1,]
5-6-0.000000-[2,4,1,3,0,]
5-1-0.000000-[2,0,3,1,4,]
5-1-0.000000-[3,1,4,2,0,]
5-3-0.000000-[2,0,3,1,4,]
5-2-0.000000-[0,2,4,1,3,]
5-1-0.000000-[2,0,3,1,4,]
5-2-0.000000-[3,0,2,4,1,]
5-2-0.000000-[4,2,0,3,1,]
5-1-0.000000-[4,1,3,0,2,]
5-1-0.000000-[2,4,1,3,0,]
5-1-0.000000-[0,3,1,4,2,]
5-1-0.000000-[3,0,2,4,1,]
5-3-0.000000-[3,1,4,2,0,]
5-1-0.000000-[1,4,2,0,3,]
5-1-0.000000-[2,4,1,3,0,]
5-2-0.000000-[4,1,3,0,2,]
5-4-0.001000-[0,3,1,4,2,]
5-1-0.000000-[4,2,0,3,1,]
5-1-0.000000-[4,2,0,3,1,]
5-3-0.000000-[3,0,2,4,1,]
5-1-0.000000-[4,2,0,3,1,]
5-1-0.000000-[1,4,2,0,3,]
5-1-0.000000-[2,0,3,1,4,]
5-2-0.000000-[4,2,0,3,1,]
5-2-0.000000-[4,2,0,3,1,]
5-2-0.000000-[1,3,0,2,4,]
5-1-0.000000-[3,1,4,2,0,]
5-2-0.000000-[1,3,0,2,4,]
5-1-0.000000-[4,2,0,3,1,]
5-1-0.000000-[0,2,4,1,3,]
5-1-0.000000-[4,1,3,0,2,]
5-1-0.000000-[1,3,0,2,4,]
5-2-0.000000-[3,0,2,4,1,]
5-2-0.000000-[4,1,3,0,2,]
5-2-0.000000-[1,4,2,0,3,]
5-2-0.000000-[1,4,2,0,3,]
5-2-0.000000-[0,2,4,1,3,]
5-1-0.000000-[3,1,4,2,0,]
5-2-0.000000-[1,4,2,0,3,]
5-2-0.000000-[1,3,0,2,4,]
5-1-0.000000-[0,2,4,1,3,]
5-2-0.000000-[1,3,0,2,4,]
5-2-0.001000-[0,3,1,4,2,]
5-1-0.000000-[3,1,4,2,0,]
5-2-0.000000-[4,2,0,3,1,]
5-1-0.000000-[1,3,0,2,4,]
5-4-0.000000-[2,0,3,1,4,]
5-2-0.000000-[0,2,4,1,3,]
5-2-0.000000-[3,0,2,4,1,]
5-1-0.000000-[3,0,2,4,1,]
5-2-0.000000-[3,1,4,2,0,]
5-1-0.000000-[2,0,3,1,4,]
5-1-0.000000-[4,2,0,3,1,]
5-1-0.000000-[1,4,2,0,3,]
5-1-0.000000-[0,3,1,4,2,]
5-1-0.000000-[0,3,1,4,2,]
5-1-0.000000-[1,4,2,0,3,]
5-2-0.000000-[3,1,4,2,0,]
5-1-0.000000-[1,4,2,0,3,]
5-1-0.000000-[1,4,2,0,3,]
5-1-0.000000-[1,3,0,2,4,]
5-1-0.000000-[2,0,3,1,4,]
5-2-0.000000-[3,1,4,2,0,]
5-1-0.000000-[1,4,2,0,3,]
5-2-0.000000-[1,3,0,2,4,]
5-1-0.000000-[0,3,1,4,2,]
5-3-0.001000-[0,3,1,4,2,]
5-1-0.000000-[1,3,0,2,4,]
5-2-0.000000-[1,4,2,0,3,]
5-1-0.000000-[4,2,0,3,1,]
5-1-0.000000-[1,4,2,0,3,]
5-4-0.001000-[3,1,4,2,0,]
5-2-0.000000-[3,0,2,4,1,]
5-2-0.000000-[0,3,1,4,2,]
5-3-0.000000-[0,2,4,1,3,]
5-2-0.000000-[4,2,0,3,1,]
5-1-0.001000-[3,0,2,4,1,]
5-1-0.000000-[4,2,0,3,1,]
5-1-0.000000-[4,2,0,3,1,]
5-3-0.001000-[0,2,4,1,3,]
5-1-0.000000-[4,2,0,3,1,]
5-2-0.000000-[0,3,1,4,2,]
5-3-0.000000-[3,1,4,2,0,]
5-1-0.000000-[4,1,3,0,2,]
5-4-0.001000-[0,3,1,4,2,]
5-1-0.000000-[1,4,2,0,3,]
5-1-0.000000-[2,0,3,1,4,]
5-3-0.000000-[1,4,2,0,3,]
5-3-0.000000-[0,3,1,4,2,]
5-4-0.001000-[0,3,1,4,2,]
5-2-0.000000-[1,4,2,0,3,]
5-1-0.000000-[3,0,2,4,1,]
5-1-0.000000-[4,2,0,3,1,]
5-3-0.000000-[1,3,0,2,4,]
5-2-0.000000-[2,4,1,3,0,]
5-2-0.000000-[1,4,2,0,3,]
5-1-0.000000-[2,4,1,3,0,]
5-1-0.000000-[4,2,0,3,1,]
5-4-0.000000-[3,0,2,4,1,]
5-1-0.000000-[2,4,1,3,0,]
5-3-0.000000-[0,2,4,1,3,]
5-1-0.000000-[1,4,2,0,3,]
5-1-0.000000-[1,3,0,2,4,]
5-1-0.000000-[1,4,2,0,3,]
5-2-0.001000-[4,2,0,3,1,]
5-3-0.000000-[0,2,4,1,3,]
5-2-0.000000-[4,2,0,3,1,]
5-1-0.000000-[0,2,4,1,3,]
5-1-0.000000-[2,4,1,3,0,]
5-2-0.000000-[4,2,0,3,1,]
5-2-0.001000-[1,3,0,2,4,]
5-1-0.000000-[4,1,3,0,2,]
5-1-0.000000-[4,2,0,3,1,]
5-1-0.000000-[4,2,0,3,1,]
5-4-0.000000-[3,0,2,4,1,]
5-2-0.000000-[1,4,2,0,3,]
5-2-0.000000-[2,0,3,1,4,]
5-3-0.001000-[1,4,2,0,3,]
5-1-0.000000-[3,1,4,2,0,]
5-3-0.000000-[1,3,0,2,4,]
5-1-0.000000-[0,3,1,4,2,]
5-1-0.000000-[4,1,3,0,2,]
5-1-0.000000-[3,1,4,2,0,]
5-4-0.000000-[0,3,1,4,2,]
5-1-0.000000-[0,2,4,1,3,]
5-1-0.000000-[1,4,2,0,3,]
5-3-0.000000-[1,4,2,0,3,]
5-1-0.000000-[4,1,3,0,2,]
5-1-0.000000-[4,1,3,0,2,]
5-3-0.000000-[1,3,0,2,4,]
5-1-0.000000-[4,2,0,3,1,]
5-1-0.000000-[1,4,2,0,3,]
5-1-0.000000-[4,1,3,0,2,]
5-2-0.000000-[4,2,0,3,1,]
5-2-0.000000-[4,1,3,0,2,]
5-1-0.000000-[0,3,1,4,2,]
5-3-0.000000-[1,4,2,0,3,]
5-2-0.000000-[1,3,0,2,4,]
5-1-0.000000-[1,4,2,0,3,]
5-1-0.000000-[4,1,3,0,2,]
5-1-0.000000-[3,1,4,2,0,]
5-1-0.000000-[2,4,1,3,0,]
5-2-0.000000-[0,2,4,1,3,]
5-1-0.000000-[0,3,1,4,2,]
5-1-0.000000-[2,0,3,1,4,]
5-1-0.000000-[0,2,4,1,3,]
