4-4-0.001000-[2,0,3,1,]
4-1-0.000000-[1,3,0,2,]
4-1-0.000000-[2,0,3,1,]
4-2-0.000000-[1,3,0,2,]
4-3-0.000000-[1,3,0,2,]
4-2-0.000000-[1,3,0,2,]
4-3-0.000000-[2,0,3,1,]
4-3-0.000000-[1,3,0,2,]
4-3-0.000000-[1,3,0,2,]
4-1-0.000000-[2,0,3,1,]
4-3-0.000000-[2,0,3,1,]
4-1-0.000000-[2,0,3,1,]
4-1-0.000000-[2,0,3,1,]
4-1-0.000000-[1,3,0,2,]
4-8-0.000000-[2,0,3,1,]
4-1-0.000000-[1,3,0,2,]
4-1-0.000000-[2,0,3,1,]
4-3-0.000000-[2,0,3,1,]
4-2-0.000000-[1,3,0,2,]
4-1-0.000000-[2,0,3,1,]
4-3-0.000000-[1,3,0,2,]
4-2-0.000000-[1,3,0,2,]
4-2-0.000000-[1,3,0,2,]
4-1-0.000000-[2,0,3,1,]
4-6-0.000000-[2,0,3,1,]
4-3-0.000000-[2,0,3,1,]
4-4-0.001000-[1,3,0,2,]
4-1-0.000000-[1,3,0,2,]
4-3-0.000000-[2,0,3,1,]
4-3-0.000000-[2,0,3,1,]
4-1-0.000000-[1,3,0,2,]
4-1-0.000000-[1,3,0,2,]
4-1-0.000000-[1,3,0,2,]
4-3-0.000000-[2,0,3,1,]
4-13-0.001000-[1,3,0,2,]
4-8-0.000000-[1,3,0,2,]
4-1-0.000000-[2,0,3,1,]
4-1-0.000000-[1,3,0,2,]
4-1-0.000000-[1,3,0,2,]
4-2-0.000000-[1,3,0,2,]
4-1-0.000000-[1,3,0,2,]
4-1-0.000000-[1,3,0,2,]
4-1-0.000000-[1,3,0,2,]
4-3-0.000000-[1,3,0,2,]
4-2-0.000000-[2,0,3,1,]
4-6-0.000000-[2,0,3,1,]
4-2-0.000000-[1,3,0,2,]
4-2-0.000000-[1,3,0,2,]
4-2-0.000000-[1,3,0,2,]
4-6-0.000000-[2,0,3,1,]
4-1-0.000000-[2,0,3,1,]
4-2-0.000000-[2,0,3,1,]
4-2-0.000000-[1,3,0,2,]
4-1-0.000000-[1,3,0,2,]
4-5-0.000000-[2,0,3,1,]
4-1-0.001000-[2,0,3,1,]
4-3-0.000000-[1,3,0,2,]
4-1-0.000000-[2,0,3,1,]
4-2-0.000000-[1,3,0,2,]
4-4-0.000000-[1,3,0,2,]
4-2-0.000000-[2,0,3,1,]
4-1-0.000000-[1,3,0,2,]
4-3-0.000000-[2,0,3,1,]
4-5-0.000000-[2,0,3,1,]
4-1-0.000000-[2,0,3,1,]
4-1-0.000000-[1,3,0,2,]
4-4-0.000000-[1,3,0,2,]
4-1-0.000000-[1,3,0,2,]
4-1-0.000000-[2,0,3,1,]
4-1-0.000000-[1,3,0,2,]
4-1-0.000000-[1,3,0,2,]
4-4-0.000000-[1,3,0,2,]
4-10-0.000000-[1,3,0,2,]
4-1-0.000000-[1,3,0,2,]
4-1-0.001000-[1,3,0,2,]
4-2-0.000000-[2,0,3,1,]
4-4-0.000000-[1,3,0,2,]
4-2-0.001000-[2,0,3,1,]
4-1-0.000000-[2,0,3,1,]
4-1-0.000000-[1,3,0,2,]
4-1-0.000000-[1,3,0,2,]
4-1-0.000000-[2,0,3,1,]
4-2-0.000000-[1,3,0,2,]
4-2-0.000000-[1,3,0,2,]
4-9-0.000000-[2,0,3,1,]
4-2-0.000000-[2,0,3,1,]
4-3-0.000000-[1,3,0,2,]
4-6-0.000000-[2,0,3,1,]
4-3-0.000000-[1,3,0,2,]
4-6-0.000000-[1,3,0,2,]
4-1-0.000000-[1,3,0,2,]
4-1-0.000000-[1,3,0,2,]
4-2-0.000000-[2,0,3,1,]
4-5-0.000000-[1,3,0,2,]
4-2-0.000000-[2,0,3,1,]
4-11-0.000000-[1,3,0,2,]
4-4-0.000000-[2,0,3,1,]
4-1-0.000000-[2,0,3,1,]
4-3-0.000000-[2,0,3,1,]
4-1-0.000000-[1,3,0,2,]
4-1-0.000000-[2,0,3,1,]
4-6-0.000000-[1,3,0,2,]
4-3-0.000000-[2,0,3,1,]
4-2-0.000000-[2,0,3,1,]
4-10-0.000000-[2,0,3,1,]
4-5-0.000000-[2,0,3,1,]
4-5-0.000000-[1,3,0,2,]
4-4-0.000000-[2,0,3,1,]
4-2-0.000000-[1,3,0,2,]
4-4-0.000000-[1,3,0,2,]
4-1-0.000000-[2,0,3,1,]
4-2-0.000000-[1,3,0,2,]
4-1-0.000000-[1,3,0,2,]
4-2-0.000000-[1,3,0,2,]
4-9-0.000000-[1,3,0,2,]
4-1-0.000000-[1,3,0,2,]
4-1-0.000000-[1,3,0,2,]
4-1-0.000000-[1,3,0,2,]
4-1-0.000000-[1,3,0,2,]
4-3-0.000000-[2,0,3,1,]
4-5-0.000000-[1,3,0,2,]
4-5-0.000000-[1,3,0,2,]
4-2-0.000000-[2,0,3,1,]
4-1-0.000000-[2,0,3,1,]
4-1-0.000000-[2,0,3,1,]
4-3-0.000000-[2,0,3,1,]
4-3-0.000000-[1,3,0,2,]
4-1-0.000000-[1,3,0,2,]
4-6-0.000000-[2,0,3,1,]
4-6-0.000000-[2,0,3,1,]
4-3-0.000000-[1,3,0,2,]
4-1-0.000000-[2,0,3,1,]
4-2-0.000000-[2,0,3,1,]
4-1-0.000000-[1,3,0,2,]
4-1-0.000000-[2,0,3,1,]
4-2-0.000000-[1,3,0,2,]
4-2-0.000000-[1,3,0,2,]
4-7-0.000000-[2,0,3,1,]
4-2-0.000000-[2,0,3,1,]
4-1-0.000000-[2,0,3,1,]
4-1-0.000000-[1,3,0,2,]
4-1-0.000000-[2,0,3,1,]
4-1-0.000000-[1,3,0,2,]
4-1-0.000000-[2,0,3,1,]
4-6-0.000000-[2,0,3,1,]
4-1-0.000000-[1,3,0,2,]
4-4-0.000000-[1,3,0,2,]
4-4-0.000000-[1,3,0,2,]
4-1-0.000000-[1,3,0,2,]
4-5-0.000000-[1,3,0,2,]
4-1-0.000000-[2,0,3,1,]
4-2-0.000000-[1,3,0,2,]
4-1-0.001000-[1,3,0,2,]
4-1-0.000000-[2,0,3,1,]
4-6-0.001000-[2,0,3,1,]
4-1-0.000000-[1,3,0,2,]
4-9-0.000000-[2,0,3,1,]
4-8-0.000000-[1,3,0,2,]
4-1-0.001000-[1,3,0,2,]
4-8-0.000000-[1,3,0,2,]
4-1-0.000000-[1,3,0,2,]
4-3-0.000000-[2,0,3,1,]
4-8-0.000000-[1,3,0,2,]
4-6-0.000000-[2,0,3,1,]
4-4-0.000000-[2,0,3,1,]
4-1-0.000000-[2,0,3,1,]
4-3-0.000000-[1,3,0,2,]
4-5-0.000000-[2,0,3,1,]
4-11-0.000000-[2,0,3,1,]
4-5-0.000000-[1,3,0,2,]
4-7-0.000000-[1,3,0,2,]
4-1-0.000000-[1,3,0,2,]
4-1-0.000000-[2,0,3,1,]
4-3-0.000000-[1,3,0,2,]
4-1-0.000000-[2,0,3,1,]
4-4-0.000000-[1,3,0,2,]
4-5-0.000000-[1,3,0,2,]
4-1-0.000000-[1,3,0,2,]
4-8-0.000000-[1,3,0,2,]
4-1-0.000000-[1,3,0,2,]
4-2-0.000000-[2,0,3,1,]
4-4-0.000000-[2,0,3,1,]
4-1-0.000000-[1,3,0,2,]
4-1-0.000000-[1,3,0,2,]
4-3-0.000000-[2,0,3,1,]
4-3-0.000000-[2,0,3,1,]
4-1-0.000000-[2,0,3,1,]
4-4-0.000000-[1,3,0,2,]
4-1-0.000000-[1,3,0,2,]
4-1-0.000000-[1,3,0,2,]
4-1-0.000000-[1,3,0,2,]
4-5-0.000000-[1,3,0,2,]
4-1-0.000000-[2,0,3,1,]
4-2-0.000000-[2,0,3,1,]
4-1-0.000000-[1,3,0,2,]
4-2-0.000000-[2,0,3,1,]
4-7-0.001000-[1,3,0,2,]
4-1-0.000000-[1,3,0,2,]
4-1-0.000000-[1,3,0,2,]
4-1-0.000000-[1,3,0,2,]
4-1-0.000000-[1,3,0,2,]
4-1-0.000000-[1,3,0,2,]
4-2-0.000000-[2,0,3,1,]
4-2-0.000000-[2,0,3,1,]
4-1-0.000000-[1,3,0,2,]
4-3-0.000000-[1,3,0,2,]
4-1-0.000000-[1,3,0,2,]
4-1-0.000000-[2,0,3,1,]
4-1-0.000000-[1,3,0,2,]
4-15-0.001000-[1,3,0,2,]
4-1-0.000000-[2,0,3,1,]
4-1-0.000000-[2,0,3,1,]
4-5-0.000000-[1,3,0,2,]
4-6-0.000000-[1,3,0,2,]
4-2-0.000000-[2,0,3,1,]
4-5-0.000000-[1,3,0,2,]
4-9-0.001000-[1,3,0,2,]
4-4-0.000000-[1,3,0,2,]
4-2-0.001000-[1,3,0,2,]
4-4-0.000000-[2,0,3,1,]
4-1-0.000000-[1,3,0,2,]
4-1-0.000000-[1,3,0,2,]
4-1-0.000000-[2,0,3,1,]
4-4-0.000000-[2,0,3,1,]
4-1-0.000000-[1,3,0,2,]
4-1-0.000000-[1,3,0,2,]
4-3-0.000000-[2,0,3,1,]
4-1-0.000000-[2,0,3,1,]
4-5-0.000000-[2,0,3,1,]
4-3-0.000000-[1,3,0,2,]
4-1-0.000000-[1,3,0,2,]
4-11-0.000000-[1,3,0,2,]
4-1-0.000000-[1,3,0,2,]
4-6-0.000000-[2,0,3,1,]
4-5-0.000000-[2,0,3,1,]
4-4-0.000000-[1,3,0,2,]
4-2-0.000000-[1,3,0,2,]
4-3-0.001000-[2,0,3,1,]
4-2-0.000000-[1,3,0,2,]
4-1-0.000000-[1,3,0,2,]
4-1-0.001000-[1,3,0,2,]
4-7-0.000000-[1,3,0,2,]
4-5-0.000000-[1,3,0,2,]
4-3-0.000000-[2,0,3,1,]
4-3-0.000000-[2,0,3,1,]
4-1-0.000000-[1,3,0,2,]
4-2-0.000000-[2,0,3,1,]
4-1-0.000000-[1,3,0,2,]
4-9-0.000000-[1,3,0,2,]
4-1-0.000000-[2,0,3,1,]
4-1-0.000000-[1,3,0,2,]
4-3-0.000000-[1,3,0,2,]
4-2-0.000000-[2,0,3,1,]
4-2-0.000000-[2,0,3,1,]
4-3-0.000000-[1,3,0,2,]
4-1-0.000000-[1,3,0,2,]
4-1-0.000000-[1,3,0,2,]
4-7-0.000000-[2,0,3,1,]
4-4-0.001000-[1,3,0,2,]
4-1-0.000000-[1,3,0,2,]
4-2-0.000000-[1,3,0,2,]
4-1-0.000000-[2,0,3,1,]
4-3-0.000000-[1,3,0,2,]
4-1-0.000000-[1,3,0,2,]
4-2-0.000000-[1,3,0,2,]
4-1-0.000000-[1,3,0,2,]
4-2-0.000000-[1,3,0,2,]
4-7-0.000000-[1,3,0,2,]
4-6-0.000000-[2,0,3,1,]
4-1-0.000000-[1,3,0,2,]
4-14-0.000000-[2,0,3,1,]
4-1-0.000000-[2,0,3,1,]
4-1-0.000000-[2,0,3,1,]
4-1-0.000000-[1,3,0,2,]
4-2-0.000000-[1,3,0,2,]
4-3-0.000000-[2,0,3,1,]
4-12-0.000000-[2,0,3,1,]
4-1-0.000000-[2,0,3,1,]
4-8-0.000000-[1,3,0,2,]
4-1-0.000000-[1,3,0,2,]
4-1-0.000000-[1,3,0,2,]
4-1-0.000000-[2,0,3,1,]
4-3-0.000000-[2,0,3,1,]
4-1-0.000000-[1,3,0,2,]
4-2-0.000000-[1,3,0,2,]
4-4-0.000000-[2,0,3,1,]
4-3-0.000000-[1,3,0,2,]
4-1-0.000000-[2,0,3,1,]
4-1-0.000000-[1,3,0,2,]
4-3-0.000000-[1,3,0,2,]
4-3-0.000000-[2,0,3,1,]
4-1-0.000000-[2,0,3,1,]
4-1-0.000000-[1,3,0,2,]
4-4-0.000000-[2,0,3,1,]
4-1-0.000000-[1,3,0,2,]
4-3-0.000000-[2,0,3,1,]
4-1-0.000000-[1,3,0,2,]
4-6-0.001000-[1,3,0,2,]
4-1-0.000000-[1,3,0,2,]
4-2-0.000000-[1,3,0,2,]
4-2-0.000000-[1,3,0,2,]
4-2-0.000000-[1,3,0,2,]
4-1-0.000000-[1,3,0,2,]
4-3-0.000000-[2,0,3,1,]
4-1-0.000000-[1,3,0,2,]
4-4-0.000000-[2,0,3,1,]
4-2-0.000000-[1,3,0,2,]
4-2-0.000000-[1,3,0,2,]
4-2-0.000000-[1,3,0,2,]
4-7-0.000000-[1,3,0,2,]
4-3-0.000000-[2,0,3,1,]
4-1-0.000000-[2,0,3,1,]
4-2-0.000000-[2,0,3,1,]
4-3-0.000000-[2,0,3,1,]
4-1-0.000000-[1,3,0,2,]
4-1-0.000000-[2,0,3,1,]
4-2-0.000000-[1,3,0,2,]
4-3-0.000000-[1,3,0,2,]
4-5-0.000000-[2,0,3,1,]
4-1-0.000000-[1,3,0,2,]
4-5-0.000000-[1,3,0,2,]
4-1-0.000000-[1,3,0,2,]
4-6-0.000000-[2,0,3,1,]
4-2-0.000000-[2,0,3,1,]
4-1-0.000000-[2,0,3,1,]
4-1-0.000000-[2,0,3,1,]
4-2-0.000000-[2,0,3,1,]
4-3-0.000000-[1,3,0,2,]
4-1-0.000000-[1,3,0,2,]
4-3-0.000000-[1,3,0,2,]
4-1-0.000000-[1,3,0,2,]
4-2-0.000000-[1,3,0,2,]
4-3-0.000000-[2,0,3,1,]
4-1-0.000000-[1,3,0,2,]
4-7-0.000000-[2,0,3,1,]
4-6-0.000000-[2,0,3,1,]
4-1-0.001000-[1,3,0,2,]
4-3-0.000000-[1,3,0,2,]
4-10-0.000000-[1,3,0,2,]
4-2-0.000000-[2,0,3,1,]
4-1-0.000000-[1,3,0,2,]
4-5-0.000000-[2,0,3,1,]
4-2-0.000000-[1,3,0,2,]
4-1-0.000000-[1,3,0,2,]
4-1-0.000000-[1,3,0,2,]
4-3-0.000000-[2,0,3,1,]
4-3-0.000000-[2,0,3,1,]
4-2-0.000000-[2,0,3,1,]
4-1-0.001000-[1,3,0,2,]
4-1-0.000000-[1,3,0,2,]
4-1-0.000000-[1,3,0,2,]
4-1-0.000000-[2,0,3,1,]
4-1-0.000000-[1,3,0,2,]
4-3-0.000000-[1,3,0,2,]
4-1-0.000000-[1,3,0,2,]
4-5-0.000000-[1,3,0,2,]
4-12-0.000000-[2,0,3,1,]
4-4-0.000000-[1,3,0,2,]
4-1-0.000000-[2,0,3,1,]
4-1-0.000000-[1,3,0,2,]
4-1-0.000000-[1,3,0,2,]
4-8-0.000000-[2,0,3,1,]
4-2-0.000000-[2,0,3,1,]
4-4-0.000000-[2,0,3,1,]
4-1-0.000000-[2,0,3,1,]
4-1-0.000000-[1,3,0,2,]
4-4-0.000000-[1,3,0,2,]
4-2-0.000000-[2,0,3,1,]
4-12-0.001000-[2,0,3,1,]
4-9-0.000000-[2,0,3,1,]
4-6-0.000000-[1,3,0,2,]
4-2-0.000000-[2,0,3,1,]
4-5-0.000000-[1,3,0,2,]
4-1-0.000000-[1,3,0,2,]
4-1-0.000000-[1,3,0,2,]
4-3-0.001000-[1,3,0,2,]
4-11-0.000000-[2,0,3,1,]
4-3-0.000000-[2,0,3,1,]
4-5-0.000000-[1,3,0,2,]
4-1-0.000000-[2,0,3,1,]
4-9-0.000000-[1,3,0,2,]
4-1-0.000000-[1,3,0,2,]
4-3-0.000000-[1,3,0,2,]
4-1-0.000000-[1,3,0,2,]
4-1-0.000000-[1,3,0,2,]
4-1-0.000000-[1,3,0,2,]
4-22-0.000000-[1,3,0,2,]
4-14-0.000000-[2,0,3,1,]
4-1-0.000000-[2,0,3,1,]
4-5-0.000000-[1,3,0,2,]
4-2-0.000000-[1,3,0,2,]
4-4-0.000000-[2,0,3,1,]
4-2-0.000000-[1,3,0,2,]
4-1-0.000000-[1,3,0,2,]
4-7-0.000000-[1,3,0,2,]
4-4-0.000000-[1,3,0,2,]
4-1-0.001000-[1,3,0,2,]
4-1-0.000000-[2,0,3,1,]
4-3-0.000000-[2,0,3,1,]
4-1-0.000000-[1,3,0,2,]
4-6-0.000000-[2,0,3,1,]
4-1-0.000000-[2,0,3,1,]
4-1-0.000000-[1,3,0,2,]
4-2-0.000000-[1,3,0,2,]
4-1-0.000000-[1,3,0,2,]
4-3-0.000000-[2,0,3,1,]
4-6-0.000000-[2,0,3,1,]
4-1-0.000000-[2,0,3,1,]
4-5-0.001000-[1,3,0,2,]
4-1-0.000000-[1,3,0,2,]
4-1-0.000000-[2,0,3,1,]
4-2-0.000000-[2,0,3,1,]
4-4-0.000000-[1,3,0,2,]
4-3-0.000000-[1,3,0,2,]
4-2-0.000000-[2,0,3,1,]
4-17-0.000000-[1,3,0,2,]
4-1-0.000000-[2,0,3,1,]
4-1-0.000000-[1,3,0,2,]
4-4-0.000000-[1,3,0,2,]
4-2-0.000000-[2,0,3,1,]
4-1-0.000000-[1,3,0,2,]
4-1-0.000000-[1,3,0,2,]
4-2-0.000000-[2,0,3,1,]
4-2-0.000000-[2,0,3,1,]
4-2-0.000000-[2,0,3,1,]
4-4-0.000000-[1,3,0,2,]
4-5-0.000000-[2,0,3,1,]
4-1-0.000000-[1,3,0,2,]
4-1-0.000000-[2,0,3,1,]
4-1-0.000000-[1,3,0,2,]
4-1-0.000000-[2,0,3,1,]
4-7-0.000000-[2,0,3,1,]
4-1-0.000000-[1,3,0,2,]
4-4-0.000000-[1,3,0,2,]
4-3-0.000000-[1,3,0,2,]
4-5-0.000000-[1,3,0,2,]
4-2-0.000000-[2,0,3,1,]
4-5-0.000000-[2,0,3,1,]
4-2-0.000000-[2,0,3,1,]
4-2-0.000000-[1,3,0,2,]
4-1-0.000000-[2,0,3,1,]
4-3-0.000000-[2,0,3,1,]
4-1-0.000000-[2,0,3,1,]
4-2-0.000000-[2,0,3,1,]
4-9-0.000000-[1,3,0,2,]
4-5-0.000000-[1,3,0,2,]
4-1-0.000000-[1,3,0,2,]
4-2-0.000000-[2,0,3,1,]
4-3-0.000000-[1,3,0,2,]
4-5-0.000000-[2,0,3,1,]
4-3-0.000000-[1,3,0,2,]
4-4-0.000000-[1,3,0,2,]
4-2-0.000000-[2,0,3,1,]
4-2-0.000000-[1,3,0,2,]
4-4-0.000000-[1,3,0,2,]
4-2-0.000000-[2,0,3,1,]
4-4-0.000000-[2,0,3,1,]
4-5-0.000000-[2,0,3,1,]
4-1-0.000000-[2,0,3,1,]
4-2-0.000000-[2,0,3,1,]
4-1-0.000000-[1,3,0,2,]
4-1-0.000000-[2,0,3,1,]
4-3-0.000000-[1,3,0,2,]
4-1-0.000000-[1,3,0,2,]
4-6-0.000000-[1,3,0,2,]
4-4-0.000000-[2,0,3,1,]
4-3-0.000000-[2,0,3,1,]
4-2-0.000000-[1,3,0,2,]
4-3-0.000000-[1,3,0,2,]
4-2-0.000000-[1,3,0,2,]
4-4-0.000000-[2,0,3,1,]
4-4-0.000000-[1,3,0,2,]
4-3-0.000000-[2,0,3,1,]
4-4-0.000000-[1,3,0,2,]
4-1-0.000000-[1,3,0,2,]
4-1-0.000000-[1,3,0,2,]
4-4-0.000000-[2,0,3,1,]
4-2-0.000000-[2,0,3,1,]
4-3-0.000000-[1,3,0,2,]
4-1-0.000000-[1,3,0,2,]
4-5-0.000000-[1,3,0,2,]
4-3-0.000000-[1,3,0,2,]
4-4-0.000000-[1,3,0,2,]
4-1-0.000000-[1,3,0,2,]
4-11-0.000000-[1,3,0,2,]
4-6-0.000000-[2,0,3,1,]
4-1-0.000000-[1,3,0,2,]
4-2-0.000000-[2,0,3,1,]
4-1-0.000000-[1,3,0,2,]
4-1-0.000000-[1,3,0,2,]
4-2-0.000000-[2,0,3,1,]
4-1-0.000000-[1,3,0,2,]
4-4-0.001000-[2,0,3,1,]
4-4-0.000000-[2,0,3,1,]
4-1-0.000000-[2,0,3,1,]
4-5-0.000000-[1,3,0,2,]
4-1-0.000000-[2,0,3,1,]
4-4-0.000000-[2,0,3,1,]
4-3-0.000000-[2,0,3,1,]
4-3-0.000000-[1,3,0,2,]
4-10-0.000000-[2,0,3,1,]
4-3-0.000000-[1,3,0,2,]
4-1-0.000000-[2,0,3,1,]
4-9-0.000000-[2,0,3,1,]
4-6-0.000000-[1,3,0,2,]
4-1-0.000000-[1,3,0,2,]
4-1-0.000000-[1,3,0,2,]
4-2-0.000000-[2,0,3,1,]
4-6-0.000000-[2,0,3,1,]
4-13-0.000000-[2,0,3,1,]
4-3-0.000000-[2,0,3,1,]
4-1-0.000000-[1,3,0,2,]
4-5-0.001000-[2,0,3,1,]
4-1-0.000000-[1,3,0,2,]
4-1-0.000000-[1,3,0,2,]
4-1-0.000000-[2,0,3,1,]
4-1-0.001000-[2,0,3,1,]
4-2-0.000000-[1,3,0,2,]
4-2-0.000000-[1,3,0,2,]
4-2-0.000000-[1,3,0,2,]
4-5-0.000000-[2,0,3,1,]
4-1-0.000000-[1,3,0,2,]
4-1-0.000000-[1,3,0,2,]
4-2-0.000000-[2,0,3,1,]
4-9-0.000000-[1,3,0,2,]
4-1-0.000000-[1,3,0,2,]
4-2-0.000000-[1,3,0,2,]
4-2-0.000000-[1,3,0,2,]
4-5-0.000000-[2,0,3,1,]
4-2-0.000000-[1,3,0,2,]
4-4-0.000000-[2,0,3,1,]
4-3-0.000000-[1,3,0,2,]
4-1-0.000000-[1,3,0,2,]
4-5-0.000000-[1,3,0,2,]
4-9-0.000000-[2,0,3,1,]
4-4-0.000000-[2,0,3,1,]
4-4-0.000000-[1,3,0,2,]
4-1-0.000000-[1,3,0,2,]
4-1-0.000000-[1,3,0,2,]
4-2-0.000000-[1,3,0,2,]
4-3-0.000000-[1,3,0,2,]
4-2-0.000000-[2,0,3,1,]
4-1-0.000000-[1,3,0,2,]
4-1-0.000000-[2,0,3,1,]
4-3-0.000000-[1,3,0,2,]
4-2-0.000000-[2,0,3,1,]
4-1-0.000000-[1,3,0,2,]
4-1-0.000000-[1,3,0,2,]
4-4-0.000000-[2,0,3,1,]
4-4-0.000000-[1,3,0,2,]
4-1-0.000000-[1,3,0,2,]
4-1-0.000000-[1,3,0,2,]
4-4-0.000000-[2,0,3,1,]
4-3-0.000000-[2,0,3,1,]
4-3-0.000000-[1,3,0,2,]
4-1-0.000000-[2,0,3,1,]
4-1-0.000000-[2,0,3,1,]
4-5-0.001000-[1,3,0,2,]
4-3-0.000000-[2,0,3,1,]
4-1-0.000000-[2,0,3,1,]
4-1-0.000000-[1,3,0,2,]
4-7-0.000000-[2,0,3,1,]
4-5-0.001000-[2,0,3,1,]
4-1-0.000000-[2,0,3,1,]
4-9-0.000000-[1,3,0,2,]
4-1-0.000000-[1,3,0,2,]
4-12-0.000000-[1,3,0,2,]
4-12-0.000000-[2,0,3,1,]
4-1-0.000000-[2,0,3,1,]
4-3-0.000000-[2,0,3,1,]
4-2-0.000000-[2,0,3,1,]
4-2-0.000000-[2,0,3,1,]
4-1-0.000000-[1,3,0,2,]
4-5-0.000000-[1,3,0,2,]
4-1-0.000000-[1,3,0,2,]
4-1-0.000000-[2,0,3,1,]
4-2-0.000000-[2,0,3,1,]
4-2-0.000000-[2,0,3,1,]
4-2-0.000000-[2,0,3,1,]
4-1-0.000000-[1,3,0,2,]
4-7-0.000000-[2,0,3,1,]
4-4-0.000000-[1,3,0,2,]
4-2-0.001000-[1,3,0,2,]
4-5-0.000000-[2,0,3,1,]
4-2-0.000000-[2,0,3,1,]
4-2-0.000000-[1,3,0,2,]
4-2-0.000000-[1,3,0,2,]
4-1-0.000000-[1,3,0,2,]
4-1-0.000000-[2,0,3,1,]
4-1-0.000000-[1,3,0,2,]
4-1-0.000000-[2,0,3,1,]
4-1-0.000000-[2,0,3,1,]
4-4-0.000000-[2,0,3,1,]
4-1-0.000000-[2,0,3,1,]
4-3-0.000000-[1,3,0,2,]
4-2-0.000000-[1,3,0,2,]
4-1-0.000000-[2,0,3,1,]
4-2-0.000000-[2,0,3,1,]
4-1-0.000000-[1,3,0,2,]
4-6-0.000000-[1,3,0,2,]
4-1-0.000000-[1,3,0,2,]
4-7-0.000000-[1,3,0,2,]
4-3-0.000000-[2,0,3,1,]
4-1-0.000000-[1,3,0,2,]
4-4-0.000000-[1,3,0,2,]
4-1-0.000000-[1,3,0,2,]
4-1-0.000000-[1,3,0,2,]
4-1-0.000000-[1,3,0,2,]
4-10-0.001000-[2,0,3,1,]
4-3-0.000000-[2,0,3,1,]
4-5-0.000000-[1,3,0,2,]
4-1-0.000000-[1,3,0,2,]
4-8-0.000000-[1,3,0,2,]
4-5-0.000000-[2,0,3,1,]
4-3-0.000000-[2,0,3,1,]
4-1-0.000000-[2,0,3,1,]
4-2-0.000000-[2,0,3,1,]
4-3-0.000000-[1,3,0,2,]
4-3-0.000000-[2,0,3,1,]
4-5-0.000000-[1,3,0,2,]
4-11-0.000000-[2,0,3,1,]
4-9-0.000000-[2,0,3,1,]
4-1-0.000000-[1,3,0,2,]
4-3-0.000000-[2,0,3,1,]
4-3-0.000000-[2,0,3,1,]
4-2-0.000000-[1,3,0,2,]
4-1-0.000000-[1,3,0,2,]
4-2-0.000000-[1,3,0,2,]
4-10-0.000000-[2,0,3,1,]
4-3-0.000000-[2,0,3,1,]
4-1-0.000000-[2,0,3,1,]
4-1-0.000000-[2,0,3,1,]
4-1-0.000000-[1,3,0,2,]
4-7-0.000000-[2,0,3,1,]
4-1-0.000000-[2,0,3,1,]
4-1-0.000000-[1,3,0,2,]
4-1-0.000000-[2,0,3,1,]
4-7-0.000000-[1,3,0,2,]
4-3-0.000000-[2,0,3,1,]
4-10-0.001000-[2,0,3,1,]
4-1-0.000000-[1,3,0,2,]
4-4-0.000000-[2,0,3,1,]
4-1-0.000000-[1,3,0,2,]
4-2-0.000000-[2,0,3,1,]
4-3-0.000000-[1,3,0,2,]
4-2-0.000000-[1,3,0,2,]
4-6-0.000000-[1,3,0,2,]
4-5-0.000000-[1,3,0,2,]
4-1-0.000000-[2,0,3,1,]
4-2-0.000000-[2,0,3,1,]
4-11-0.000000-[2,0,3,1,]
4-1-0.000000-[1,3,0,2,]
4-3-0.001000-[2,0,3,1,]
4-5-0.000000-[2,0,3,1,]
4-10-0.001000-[2,0,3,1,]
4-4-0.000000-[2,0,3,1,]
4-3-0.000000-[2,0,3,1,]
4-1-0.000000-[2,0,3,1,]
4-2-0.000000-[1,3,0,2,]
4-2-0.000000-[2,0,3,1,]
4-1-0.001000-[2,0,3,1,]
4-1-0.000000-[2,0,3,1,]
4-7-0.000000-[1,3,0,2,]
4-1-0.000000-[1,3,0,2,]
4-3-0.000000-[1,3,0,2,]
4-5-0.000000-[1,3,0,2,]
4-9-0.000000-[2,0,3,1,]
4-3-0.000000-[2,0,3,1,]
4-7-0.001000-[1,3,0,2,]
4-2-0.000000-[1,3,0,2,]
4-6-0.000000-[1,3,0,2,]
4-2-0.000000-[1,3,0,2,]
4-3-0.000000-[2,0,3,1,]
4-1-0.000000-[2,0,3,1,]
4-2-0.000000-[2,0,3,1,]
4-3-0.000000-[1,3,0,2,]
4-7-0.000000-[2,0,3,1,]
4-5-0.001000-[2,0,3,1,]
4-3-0.000000-[1,3,0,2,]
4-3-0.000000-[2,0,3,1,]
4-2-0.000000-[2,0,3,1,]
4-6-0.000000-[2,0,3,1,]
4-2-0.000000-[2,0,3,1,]
4-1-0.000000-[2,0,3,1,]
4-1-0.000000-[1,3,0,2,]
4-1-0.000000-[1,3,0,2,]
4-1-0.000000-[1,3,0,2,]
4-5-0.000000-[1,3,0,2,]
4-3-0.000000-[1,3,0,2,]
4-2-0.000000-[1,3,0,2,]
4-1-0.000000-[2,0,3,1,]
4-3-0.000000-[2,0,3,1,]
4-4-0.000000-[1,3,0,2,]
4-1-0.000000-[1,3,0,2,]
4-10-0.000000-[1,3,0,2,]
4-1-0.000000-[1,3,0,2,]
4-2-0.000000-[1,3,0,2,]
4-3-0.000000-[2,0,3,1,]
4-3-0.000000-[1,3,0,2,]
4-2-0.001000-[2,0,3,1,]
4-4-0.000000-[2,0,3,1,]
4-3-0.000000-[1,3,0,2,]
4-1-0.000000-[1,3,0,2,]
4-1-0.000000-[1,3,0,2,]
4-1-0.000000-[1,3,0,2,]
4-1-0.000000-[2,0,3,1,]
4-13-0.000000-[1,3,0,2,]
4-3-0.000000-[2,0,3,1,]
4-5-0.000000-[1,3,0,2,]
4-6-0.000000-[1,3,0,2,]
4-2-0.001000-[1,3,0,2,]
4-1-0.000000-[2,0,3,1,]
4-7-0.000000-[1,3,0,2,]
4-3-0.000000-[2,0,3,1,]
4-9-0.000000-[2,0,3,1,]
4-1-0.000000-[1,3,0,2,]
4-1-0.000000-[2,0,3,1,]
4-8-0.000000-[1,3,0,2,]
4-13-0.000000-[1,3,0,2,]
4-4-0.000000-[2,0,3,1,]
4-6-0.000000-[2,0,3,1,]
4-6-0.000000-[1,3,0,2,]
4-2-0.000000-[1,3,0,2,]
4-5-0.000000-[2,0,3,1,]
4-3-0.000000-[1,3,0,2,]
4-2-0.001000-[2,0,3,1,]
4-3-0.000000-[2,0,3,1,]
4-7-0.000000-[2,0,3,1,]
4-5-0.001000-[1,3,0,2,]
4-2-0.000000-[1,3,0,2,]
4-1-0.000000-[1,3,0,2,]
4-2-0.000000-[1,3,0,2,]
4-15-0.000000-[2,0,3,1,]
4-1-0.000000-[1,3,0,2,]
4-6-0.000000-[2,0,3,1,]
4-1-0.000000-[2,0,3,1,]
4-2-0.000000-[2,0,3,1,]
4-2-0.000000-[2,0,3,1,]
4-1-0.000000-[1,3,0,2,]
4-4-0.000000-[2,0,3,1,]
4-2-0.000000-[1,3,0,2,]
4-1-0.000000-[2,0,3,1,]
4-3-0.000000-[1,3,0,2,]
4-5-0.000000-[1,3,0,2,]
4-2-0.000000-[2,0,3,1,]
4-2-0.000000-[1,3,0,2,]
4-1-0.000000-[1,3,0,2,]
4-1-0.000000-[1,3,0,2,]
4-6-0.000000-[1,3,0,2,]
4-4-0.000000-[2,0,3,1,]
4-4-0.000000-[2,0,3,1,]
4-4-0.000000-[2,0,3,1,]
4-1-0.000000-[1,3,0,2,]
4-1-0.000000-[2,0,3,1,]
4-1-0.000000-[2,0,3,1,]
4-2-0.000000-[2,0,3,1,]
4-1-0.000000-[1,3,0,2,]
4-1-0.000000-[2,0,3,1,]
4-1-0.000000-[1,3,0,2,]
4-5-0.000000-[1,3,0,2,]
4-5-0.000000-[2,0,3,1,]
4-1-0.000000-[1,3,0,2,]
4-2-0.000000-[2,0,3,1,]
4-1-0.000000-[1,3,0,2,]
4-1-0.000000-[1,3,0,2,]
4-1-0.000000-[1,3,0,2,]
4-1-0.000000-[1,3,0,2,]
4-1-0.000000-[1,3,0,2,]
4-3-0.000000-[2,0,3,1,]
4-2-0.001000-[2,0,3,1,]
4-6-0.000000-[2,0,3,1,]
4-2-0.000000-[1,3,0,2,]
4-3-0.000000-[2,0,3,1,]
4-3-0.000000-[1,3,0,2,]
4-6-0.000000-[1,3,0,2,]
4-1-0.000000-[2,0,3,1,]
4-3-0.000000-[2,0,3,1,]
4-3-0.000000-[1,3,0,2,]
4-4-0.000000-[1,3,0,2,]
4-1-0.000000-[1,3,0,2,]
4-1-0.000000-[1,3,0,2,]
4-1-0.000000-[2,0,3,1,]
4-2-0.000000-[1,3,0,2,]
4-3-0.000000-[2,0,3,1,]
4-3-0.000000-[2,0,3,1,]
4-4-0.001000-[2,0,3,1,]
4-1-0.000000-[1,3,0,2,]
4-7-0.000000-[2,0,3,1,]
4-2-0.000000-[1,3,0,2,]
4-9-0.000000-[1,3,0,2,]
4-3-0.000000-[2,0,3,1,]
4-4-0.000000-[1,3,0,2,]
4-12-0.000000-[1,3,0,2,]
4-1-0.000000-[1,3,0,2,]
4-1-0.000000-[1,3,0,2,]
4-2-0.000000-[1,3,0,2,]
4-2-0.000000-[2,0,3,1,]
4-1-0.000000-[1,3,0,2,]
4-2-0.000000-[1,3,0,2,]
4-3-0.000000-[1,3,0,2,]
4-1-0.000000-[1,3,0,2,]
4-10-0.000000-[1,3,0,2,]
4-3-0.000000-[2,0,3,1,]
4-1-0.000000-[1,3,0,2,]
4-2-0.000000-[2,0,3,1,]
4-10-0.000000-[1,3,0,2,]
4-1-0.000000-[2,0,3,1,]
4-8-0.000000-[2,0,3,1,]
4-3-0.000000-[1,3,0,2,]
4-5-0.001000-[1,3,0,2,]
4-4-0.000000-[2,0,3,1,]
4-5-0.000000-[1,3,0,2,]
4-6-0.000000-[1,3,0,2,]
4-7-0.000000-[1,3,0,2,]
4-2-0.000000-[2,0,3,1,]
4-2-0.000000-[1,3,0,2,]
4-6-0.000000-[1,3,0,2,]
4-1-0.000000-[1,3,0,2,]
4-1-0.000000-[1,3,0,2,]
4-1-0.000000-[2,0,3,1,]
4-4-0.000000-[2,0,3,1,]
4-1-0.000000-[1,3,0,2,]
4-2-0.000000-[2,0,3,1,]
4-1-0.000000-[1,3,0,2,]
4-3-0.000000-[1,3,0,2,]
4-2-0.000000-[1,3,0,2,]
4-2-0.000000-[2,0,3,1,]
4-3-0.000000-[2,0,3,1,]
4-1-0.000000-[1,3,0,2,]
4-1-0.000000-[2,0,3,1,]
4-2-0.000000-[1,3,0,2,]
4-5-0.000000-[2,0,3,1,]
4-2-0.000000-[1,3,0,2,]
4-1-0.000000-[1,3,0,2,]
4-8-0.000000-[2,0,3,1,]
4-1-0.000000-[1,3,0,2,]
4-7-0.001000-[1,3,0,2,]
4-1-0.000000-[1,3,0,2,]
4-1-0.000000-[1,3,0,2,]
4-1-0.000000-[2,0,3,1,]
4-4-0.000000-[1,3,0,2,]
4-1-0.000000-[1,3,0,2,]
4-1-0.000000-[2,0,3,1,]
4-1-0.000000-[1,3,0,2,]
4-5-0.000000-[1,3,0,2,]
4-5-0.001000-[1,3,0,2,]
4-1-0.000000-[1,3,0,2,]
4-2-0.000000-[2,0,3,1,]
4-11-0.001000-[2,0,3,1,]
4-13-0.000000-[1,3,0,2,]
4-1-0.000000-[2,0,3,1,]
4-12-0.000000-[1,3,0,2,]
4-3-0.000000-[2,0,3,1,]
4-2-0.000000-[2,0,3,1,]
4-1-0.001000-[1,3,0,2,]
4-1-0.000000-[1,3,0,2,]
4-3-0.000000-[1,3,0,2,]
4-5-0.000000-[2,0,3,1,]
4-1-0.000000-[1,3,0,2,]
4-2-0.000000-[2,0,3,1,]
4-5-0.000000-[1,3,0,2,]
4-4-0.001000-[1,3,0,2,]
4-2-0.000000-[1,3,0,2,]
4-1-0.000000-[2,0,3,1,]
4-2-0.000000-[1,3,0,2,]
4-1-0.000000-[1,3,0,2,]
4-1-0.000000-[2,0,3,1,]
4-1-0.000000-[1,3,0,2,]
4-1-0.000000-[2,0,3,1,]
4-1-0.000000-[1,3,0,2,]
4-1-0.000000-[1,3,0,2,]
4-1-0.000000-[1,3,0,2,]
4-1-0.000000-[1,3,0,2,]
4-7-0.000000-[2,0,3,1,]
4-2-0.000000-[1,3,0,2,]
4-2-0.000000-[1,3,0,2,]
4-4-0.000000-[2,0,3,1,]
4-1-0.000000-[1,3,0,2,]
4-1-0.000000-[1,3,0,2,]
4-1-0.000000-[1,3,0,2,]
4-6-0.000000-[2,0,3,1,]
4-6-0.000000-[1,3,0,2,]
4-8-0.000000-[2,0,3,1,]
4-4-0.000000-[1,3,0,2,]
4-3-0.000000-[2,0,3,1,]
4-16-0.000000-[2,0,3,1,]
4-4-0.001000-[1,3,0,2,]
4-1-0.000000-[1,3,0,2,]
4-9-0.000000-[1,3,0,2,]
4-4-0.000000-[1,3,0,2,]
4-6-0.000000-[1,3,0,2,]
4-2-0.000000-[2,0,3,1,]
4-1-0.000000-[1,3,0,2,]
4-5-0.000000-[2,0,3,1,]
4-4-0.000000-[1,3,0,2,]
4-9-0.000000-[1,3,0,2,]
4-2-0.000000-[2,0,3,1,]
4-6-0.000000-[1,3,0,2,]
4-2-0.000000-[2,0,3,1,]
4-1-0.000000-[1,3,0,2,]
4-2-0.000000-[2,0,3,1,]
4-1-0.000000-[2,0,3,1,]
4-1-0.000000-[1,3,0,2,]
4-3-0.000000-[2,0,3,1,]
4-1-0.000000-[2,0,3,1,]
4-1-0.000000-[1,3,0,2,]
4-5-0.000000-[1,3,0,2,]
4-1-0.000000-[2,0,3,1,]
4-3-0.000000-[1,3,0,2,]
4-4-0.001000-[1,3,0,2,]
4-4-0.000000-[2,0,3,1,]
4-5-0.000000-[1,3,0,2,]
4-7-0.000000-[2,0,3,1,]
4-2-0.000000-[2,0,3,1,]
4-2-0.000000-[1,3,0,2,]
4-1-0.000000-[2,0,3,1,]
4-1-0.000000-[1,3,0,2,]
4-1-0.000000-[1,3,0,2,]
4-1-0.000000-[1,3,0,2,]
4-6-0.000000-[2,0,3,1,]
4-4-0.000000-[1,3,0,2,]
4-3-0.000000-[1,3,0,2,]
4-1-0.000000-[2,0,3,1,]
4-9-0.000000-[2,0,3,1,]
4-1-0.000000-[1,3,0,2,]
4-1-0.000000-[2,0,3,1,]
4-7-0.000000-[2,0,3,1,]
4-4-0.000000-[2,0,3,1,]
4-3-0.000000-[1,3,0,2,]
4-2-0.000000-[1,3,0,2,]
4-12-0.000000-[1,3,0,2,]
4-3-0.000000-[1,3,0,2,]
4-1-0.000000-[1,3,0,2,]
4-1-0.000000-[1,3,0,2,]
4-1-0.000000-[2,0,3,1,]
4-3-0.000000-[2,0,3,1,]
4-5-0.000000-[1,3,0,2,]
4-7-0.000000-[2,0,3,1,]
4-7-0.000000-[2,0,3,1,]
4-5-0.000000-[1,3,0,2,]
4-4-0.000000-[1,3,0,2,]
4-2-0.000000-[2,0,3,1,]
4-2-0.000000-[1,3,0,2,]
4-14-0.000000-[2,0,3,1,]
4-4-0.000000-[1,3,0,2,]
4-2-0.000000-[1,3,0,2,]
4-2-0.000000-[1,3,0,2,]
4-1-0.000000-[2,0,3,1,]
4-1-0.000000-[1,3,0,2,]
4-1-0.000000-[2,0,3,1,]
4-4-0.000000-[1,3,0,2,]
4-2-0.000000-[1,3,0,2,]
4-2-0.000000-[1,3,0,2,]
4-5-0.000000-[1,3,0,2,]
4-6-0.000000-[2,0,3,1,]
4-1-0.000000-[2,0,3,1,]
4-2-0.000000-[2,0,3,1,]
4-4-0.000000-[1,3,0,2,]
4-3-0.000000-[1,3,0,2,]
4-9-0.000000-[1,3,0,2,]
4-2-0.000000-[1,3,0,2,]
4-2-0.000000-[2,0,3,1,]
4-1-0.000000-[2,0,3,1,]
4-1-0.000000-[2,0,3,1,]
4-10-0.000000-[1,3,0,2,]
4-1-0.000000-[1,3,0,2,]
4-1-0.000000-[1,3,0,2,]
4-5-0.000000-[1,3,0,2,]
4-1-0.000000-[1,3,0,2,]
4-1-0.000000-[1,3,0,2,]
4-2-0.000000-[1,3,0,2,]
4-1-0.000000-[2,0,3,1,]
4-1-0.000000-[1,3,0,2,]
4-1-0.000000-[1,3,0,2,]
4-5-0.000000-[2,0,3,1,]
4-1-0.001000-[1,3,0,2,]
4-5-0.000000-[1,3,0,2,]
4-1-0.000000-[2,0,3,1,]
4-2-0.000000-[1,3,0,2,]
4-2-0.000000-[1,3,0,2,]
4-1-0.000000-[1,3,0,2,]
4-3-0.000000-[1,3,0,2,]
4-4-0.000000-[2,0,3,1,]
4-1-0.000000-[1,3,0,2,]
4-1-0.000000-[2,0,3,1,]
4-1-0.000000-[1,3,0,2,]
4-5-0.001000-[1,3,0,2,]
4-1-0.000000-[2,0,3,1,]
4-2-0.000000-[2,0,3,1,]
4-4-0.001000-[1,3,0,2,]
4-1-0.000000-[2,0,3,1,]
4-2-0.000000-[1,3,0,2,]
4-2-0.001000-[2,0,3,1,]
4-3-0.000000-[1,3,0,2,]
4-3-0.000000-[1,3,0,2,]
4-2-0.000000-[1,3,0,2,]
4-1-0.000000-[2,0,3,1,]
4-5-0.000000-[2,0,3,1,]
4-3-0.000000-[2,0,3,1,]
4-1-0.000000-[1,3,0,2,]
