8-19-0.010000-[2,7,3,6,0,5,1,4,]
8-2-0.001000-[4,2,7,3,6,0,5,1,]
8-11-0.018000-[4,6,1,5,2,0,3,7,]
8-1-0.000000-[3,5,0,4,1,7,2,6,]
8-15-0.005000-[0,6,3,5,7,1,4,2,]
8-2-0.001000-[2,0,6,4,7,1,3,5,]
8-3-0.001000-[2,0,6,4,7,1,3,5,]
8-37-0.011000-[6,3,1,7,5,0,2,4,]
8-4-0.001000-[2,4,7,3,0,6,1,5,]
8-10-0.004000-[4,6,0,2,7,5,3,1,]
8-4-0.001000-[1,5,7,2,0,3,6,4,]
8-6-0.001000-[5,1,6,0,2,4,7,3,]
8-7-0.002000-[3,6,0,7,4,1,5,2,]
8-1-0.001000-[7,1,3,0,6,4,2,5,]
8-5-0.001000-[3,1,4,7,5,0,2,6,]
8-6-0.001000-[3,7,0,4,6,1,5,2,]
8-20-0.004000-[2,5,1,6,4,0,7,3,]
8-8-0.001000-[3,6,0,7,4,1,5,2,]
8-11-0.003000-[4,2,0,6,1,7,5,3,]
8-2-0.000000-[4,6,0,3,1,7,5,2,]
8-7-0.002000-[3,1,6,2,5,7,4,0,]
8-2-0.000000-[3,5,7,2,0,6,4,1,]
8-3-0.001000-[6,4,2,0,5,7,1,3,]
8-1-0.000000-[2,7,3,6,0,5,1,4,]
8-25-0.005000-[1,4,6,3,0,7,5,2,]
8-7-0.001000-[1,4,6,3,0,7,5,2,]
8-9-0.002000-[3,1,6,4,0,7,5,2,]
8-10-0.002000-[3,0,4,7,5,2,6,1,]
8-3-0.000000-[5,0,4,1,7,2,6,3,]
8-20-0.005000-[3,7,0,2,5,1,6,4,]
8-16-0.004000-[6,0,2,7,5,3,1,4,]
8-1-0.001000-[0,5,7,2,6,3,1,4,]
8-10-0.002000-[3,5,0,4,1,7,2,6,]
8-4-0.001000-[6,2,0,5,7,4,1,3,]
8-1-0.000000-[3,7,0,4,6,1,5,2,]
8-18-0.004000-[6,3,1,7,5,0,2,4,]
8-4-0.001000-[3,5,0,4,1,7,2,6,]
8-1-0.000000-[4,2,0,6,1,7,5,3,]
8-3-0.000000-[5,2,6,3,0,7,1,4,]
8-5-0.002000-[0,6,4,7,1,3,5,2,]
8-2-0.000000-[0,6,3,5,7,1,4,2,]
8-3-0.000000-[5,7,1,3,0,6,4,2,]
8-5-0.001000-[2,6,1,7,5,3,0,4,]
8-5-0.001000-[7,2,0,5,1,4,6,3,]
8-3-0.000000-[2,5,3,0,7,4,6,1,]
8-3-0.001000-[2,5,1,6,4,0,7,3,]
8-2-0.001000-[2,5,3,1,7,4,6,0,]
8-3-0.001000-[1,7,5,0,2,4,6,3,]
8-11-0.003000-[3,5,0,4,1,7,2,6,]
8-2-0.000000-[4,0,3,5,7,1,6,2,]
8-2-0.001000-[4,6,1,5,2,0,3,7,]
8-12-0.003000-[5,3,6,0,7,1,4,2,]
8-8-0.002000-[4,6,1,3,7,0,2,5,]
8-39-0.009000-[5,2,0,7,3,1,6,4,]
8-3-0.000000-[2,5,3,1,7,4,6,0,]
8-1-0.000000-[6,3,1,4,7,0,2,5,]
8-15-0.004000-[2,4,1,7,0,6,3,5,]
8-6-0.002000-[5,1,6,0,3,7,4,2,]
8-5-0.002000-[5,1,6,0,3,7,4,2,]
8-9-0.002000-[1,4,6,3,0,7,5,2,]
8-1-0.001000-[7,3,0,2,5,1,6,4,]
8-7-0.001000-[5,2,4,6,0,3,1,7,]
8-5-0.001000-[5,2,0,6,4,7,1,3,]
8-9-0.003000-[5,0,4,1,7,2,6,3,]
8-1-0.000000-[3,5,7,1,6,0,2,4,]
8-6-0.001000-[5,1,6,0,2,4,7,3,]
8-2-0.000000-[0,6,4,7,1,3,5,2,]
8-4-0.001000-[5,2,4,7,0,3,1,6,]
8-8-0.001000-[5,2,6,1,3,7,0,4,]
8-6-0.001000-[4,2,0,6,1,7,5,3,]
8-14-0.004000-[3,5,0,4,1,7,2,6,]
8-11-0.003000-[2,5,1,6,4,0,7,3,]
8-1-0.000000-[4,6,0,3,1,7,5,2,]
8-3-0.000000-[5,7,1,3,0,6,4,2,]
8-3-0.000000-[2,7,3,6,0,5,1,4,]
8-4-0.000000-[2,6,1,7,5,3,0,4,]
8-2-0.000000-[1,6,4,7,0,3,5,2,]
8-21-0.005000-[0,6,3,5,7,1,4,2,]
8-3-0.001000-[3,1,6,2,5,7,4,0,]
8-28-0.006000-[3,1,7,5,0,2,4,6,]
8-3-0.000000-[2,5,1,6,0,3,7,4,]
8-2-0.000000-[2,4,7,3,0,6,1,5,]
8-5-0.000000-[3,7,4,2,0,6,1,5,]
8-1-0.000000-[0,6,3,5,7,1,4,2,]
8-24-0.005000-[6,0,2,7,5,3,1,4,]
8-8-0.001000-[4,2,0,5,7,1,3,6,]
8-2-0.000000-[3,1,7,4,6,0,2,5,]
8-1-0.000000-[2,4,6,0,3,1,7,5,]
8-10-0.002000-[3,1,6,4,0,7,5,2,]
8-2-0.000000-[5,7,1,3,0,6,4,2,]
8-5-0.001000-[2,5,1,6,4,0,7,3,]
8-6-0.002000-[5,2,0,7,3,1,6,4,]
8-3-0.001000-[5,2,4,7,0,3,1,6,]
8-1-0.000000-[2,5,7,0,4,6,1,3,]
8-2-0.001000-[6,1,5,2,0,3,7,4,]
8-10-0.003000-[0,6,3,5,7,1,4,2,]
8-11-0.002000-[7,3,0,2,5,1,6,4,]
8-2-0.000000-[1,4,6,3,0,7,5,2,]
8-9-0.002000-[4,6,1,3,7,0,2,5,]
8-2-0.000000-[4,6,0,3,1,7,5,2,]
8-5-0.003000-[5,0,4,1,7,2,6,3,]
8-5-0.002000-[6,0,2,7,5,3,1,4,]
8-4-0.002000-[4,1,5,0,6,3,7,2,]
8-3-0.001000-[3,7,0,2,5,1,6,4,]
8-5-0.003000-[3,7,0,4,6,1,5,2,]
8-4-0.002000-[7,1,4,2,0,6,3,5,]
8-1-0.001000-[7,2,0,5,1,4,6,3,]
8-3-0.001000-[5,3,6,0,2,4,1,7,]
8-5-0.002000-[3,1,6,2,5,7,4,0,]
8-12-0.012000-[2,5,1,6,0,3,7,4,]
8-11-0.003000-[0,6,4,7,1,3,5,2,]
8-5-0.001000-[5,3,1,7,4,6,0,2,]
8-6-0.001000-[3,1,6,2,5,7,0,4,]
8-9-0.001000-[3,5,7,1,6,0,2,4,]
8-9-0.002000-[2,0,6,4,7,1,3,5,]
8-4-0.001000-[0,6,3,5,7,1,4,2,]
8-2-0.000000-[5,2,6,1,3,7,0,4,]
8-14-0.003000-[1,4,6,0,2,7,5,3,]
8-19-0.004000-[2,5,1,6,0,3,7,4,]
8-1-0.001000-[1,4,6,0,2,7,5,3,]
8-10-0.002000-[3,1,6,4,0,7,5,2,]
8-29-0.006000-[3,0,4,7,5,2,6,1,]
8-11-0.003000-[7,2,0,5,1,4,6,3,]
8-2-0.000000-[2,5,7,1,3,0,6,4,]
8-5-0.001000-[6,3,1,4,7,0,2,5,]
8-6-0.001000-[2,5,3,0,7,4,6,1,]
8-5-0.001000-[4,6,1,3,7,0,2,5,]
8-3-0.001000-[4,6,0,2,7,5,3,1,]
8-5-0.002000-[1,7,5,0,2,4,6,3,]
8-1-0.001000-[4,2,0,6,1,7,5,3,]
8-1-0.000000-[4,7,3,0,6,1,5,2,]
8-9-0.002000-[5,3,1,7,4,6,0,2,]
8-7-0.002000-[6,2,0,5,7,4,1,3,]
8-1-0.000000-[4,0,7,3,1,6,2,5,]
8-17-0.004000-[7,2,0,5,1,4,6,3,]
8-15-0.003000-[2,5,3,1,7,4,6,0,]
8-2-0.000000-[3,5,0,4,1,7,2,6,]
8-3-0.001000-[6,3,1,4,7,0,2,5,]
8-2-0.000000-[3,6,2,7,1,4,0,5,]
8-15-0.003000-[4,7,3,0,2,5,1,6,]
8-6-0.001000-[2,5,1,4,7,0,6,3,]
8-7-0.001000-[4,2,0,6,1,7,5,3,]
8-3-0.001000-[5,1,6,0,2,4,7,3,]
8-1-0.001000-[4,6,1,5,2,0,3,7,]
8-6-0.001000-[4,2,0,5,7,1,3,6,]
8-4-0.001000-[1,4,6,3,0,7,5,2,]
8-6-0.002000-[6,1,5,2,0,3,7,4,]
8-2-0.000000-[5,3,6,0,7,1,4,2,]
8-11-0.002000-[6,1,5,2,0,3,7,4,]
8-3-0.000000-[4,6,0,2,7,5,3,1,]
8-8-0.003000-[2,5,1,6,0,3,7,4,]
8-6-0.002000-[2,0,6,4,7,1,3,5,]
8-2-0.000000-[2,5,7,0,3,6,4,1,]
8-6-0.001000-[4,2,0,5,7,1,3,6,]
8-15-0.003000-[5,0,4,1,7,2,6,3,]
8-1-0.000000-[5,1,6,0,3,7,4,2,]
8-3-0.001000-[7,2,0,5,1,4,6,3,]
8-2-0.000000-[2,0,6,4,7,1,3,5,]
8-2-0.001000-[3,6,4,1,5,0,2,7,]
8-2-0.000000-[5,2,6,3,0,7,1,4,]
8-2-0.000000-[3,1,6,2,5,7,0,4,]
8-3-0.001000-[3,5,7,2,0,6,4,1,]
8-5-0.001000-[2,0,6,4,7,1,3,5,]
8-1-0.000000-[6,0,2,7,5,3,1,4,]
8-1-0.000000-[7,1,3,0,6,4,2,5,]
8-8-0.002000-[0,6,3,5,7,1,4,2,]
8-30-0.006000-[1,4,6,0,2,7,5,3,]
8-14-0.003000-[6,3,1,4,7,0,2,5,]
8-21-0.004000-[1,4,6,3,0,7,5,2,]
8-8-0.001000-[2,5,7,0,4,6,1,3,]
8-6-0.001000-[5,2,6,1,3,7,0,4,]
8-4-0.001000-[1,4,6,0,2,7,5,3,]
8-9-0.002000-[2,5,7,1,3,0,6,4,]
8-8-0.002000-[2,5,7,0,3,6,4,1,]
8-6-0.001000-[7,2,0,5,1,4,6,3,]
8-12-0.003000-[3,5,0,4,1,7,2,6,]
8-6-0.002000-[3,1,4,7,5,0,2,6,]
8-10-0.003000-[0,4,7,5,2,6,1,3,]
8-23-0.005000-[3,5,7,1,6,0,2,4,]
8-3-0.000000-[4,7,3,0,6,1,5,2,]
8-15-0.004000-[2,0,6,4,7,1,3,5,]
8-8-0.001000-[3,1,7,4,6,0,2,5,]
8-1-0.001000-[3,7,0,4,6,1,5,2,]
8-2-0.000000-[4,7,3,0,6,1,5,2,]
8-10-0.001000-[2,4,7,3,0,6,1,5,]
8-5-0.001000-[5,3,6,0,7,1,4,2,]
8-19-0.003000-[2,6,1,7,5,3,0,4,]
8-3-0.000000-[7,2,0,5,1,4,6,3,]
8-8-0.002000-[2,4,6,0,3,1,7,5,]
8-4-0.001000-[2,0,6,4,7,1,3,5,]
8-12-0.003000-[1,5,0,6,3,7,2,4,]
8-9-0.002000-[3,1,7,5,0,2,4,6,]
8-5-0.001000-[3,1,6,4,0,7,5,2,]
8-9-0.001000-[5,2,0,7,4,1,3,6,]
8-9-0.002000-[4,0,7,5,2,6,1,3,]
8-6-0.001000-[4,1,5,0,6,3,7,2,]
8-4-0.001000-[1,4,6,0,2,7,5,3,]
8-10-0.002000-[2,5,1,6,0,3,7,4,]
8-1-0.000000-[2,4,6,0,3,1,7,5,]
8-3-0.000000-[3,5,0,4,1,7,2,6,]
8-10-0.002000-[6,3,1,7,5,0,2,4,]
8-5-0.000000-[2,5,1,4,7,0,6,3,]
8-5-0.001000-[2,6,1,7,4,0,3,5,]
8-3-0.000000-[1,3,5,7,2,0,6,4,]
8-11-0.002000-[6,2,7,1,4,0,5,3,]
8-7-0.001000-[4,0,3,5,7,1,6,2,]
8-5-0.000000-[4,2,7,3,6,0,5,1,]
8-5-0.001000-[3,1,4,7,5,0,2,6,]
8-25-0.005000-[4,6,0,2,7,5,3,1,]
8-11-0.003000-[3,1,6,2,5,7,4,0,]
8-2-0.001000-[2,4,1,7,0,6,3,5,]
8-5-0.001000-[3,1,4,7,5,0,2,6,]
8-5-0.001000-[3,7,0,4,6,1,5,2,]
8-6-0.002000-[7,3,0,2,5,1,6,4,]
8-13-0.002000-[4,2,0,5,7,1,3,6,]
8-4-0.001000-[1,6,2,5,7,4,0,3,]
8-11-0.003000-[4,2,7,3,6,0,5,1,]
8-5-0.001000-[7,1,4,2,0,6,3,5,]
8-3-0.001000-[4,7,3,0,2,5,1,6,]
8-3-0.001000-[6,0,2,7,5,3,1,4,]
8-9-0.003000-[2,5,1,6,4,0,7,3,]
8-10-0.002000-[2,0,6,4,7,1,3,5,]
8-4-0.001000-[4,6,3,0,2,7,5,1,]
8-4-0.001000-[5,3,6,0,7,1,4,2,]
8-6-0.002000-[4,6,0,2,7,5,3,1,]
8-7-0.002000-[5,0,4,1,7,2,6,3,]
8-1-0.000000-[1,6,4,7,0,3,5,2,]
8-14-0.004000-[6,0,2,7,5,3,1,4,]
8-2-0.001000-[2,4,7,3,0,6,1,5,]
8-8-0.003000-[0,6,3,5,7,1,4,2,]
8-2-0.000000-[5,3,1,7,4,6,0,2,]
8-4-0.000000-[2,0,6,4,7,1,3,5,]
8-1-0.000000-[1,4,6,0,2,7,5,3,]
8-2-0.001000-[0,6,3,5,7,1,4,2,]
8-18-0.004000-[6,0,2,7,5,3,1,4,]
8-10-0.002000-[5,3,1,7,4,6,0,2,]
8-4-0.000000-[1,6,4,7,0,3,5,2,]
8-6-0.001000-[3,0,4,7,5,2,6,1,]
8-4-0.001000-[3,6,2,7,1,4,0,5,]
8-6-0.001000-[4,2,0,6,1,7,5,3,]
8-2-0.001000-[4,6,0,2,7,5,3,1,]
8-9-0.002000-[1,4,6,0,2,7,5,3,]
8-14-0.003000-[5,3,6,0,7,1,4,2,]
8-3-0.001000-[2,6,1,7,5,3,0,4,]
8-13-0.002000-[1,5,7,2,0,3,6,4,]
8-7-0.002000-[1,6,4,7,0,3,5,2,]
8-2-0.001000-[2,4,1,7,0,6,3,5,]
8-5-0.001000-[3,1,7,5,0,2,4,6,]
8-12-0.003000-[5,2,0,7,4,1,3,6,]
8-5-0.001000-[5,2,4,6,0,3,1,7,]
8-2-0.001000-[0,4,7,5,2,6,1,3,]
8-1-0.000000-[3,1,6,2,5,7,4,0,]
8-6-0.001000-[4,7,3,0,6,1,5,2,]
8-6-0.002000-[0,4,7,5,2,6,1,3,]
8-10-0.003000-[6,2,7,1,4,0,5,3,]
8-1-0.000000-[6,0,2,7,5,3,1,4,]
8-6-0.001000-[3,7,0,4,6,1,5,2,]
8-4-0.001000-[3,6,4,1,5,0,2,7,]
8-2-0.000000-[2,6,1,7,5,3,0,4,]
8-10-0.002000-[2,5,1,4,7,0,6,3,]
8-3-0.000000-[3,0,4,7,5,2,6,1,]
8-2-0.000000-[4,6,0,2,7,5,3,1,]
8-7-0.001000-[3,0,4,7,1,6,2,5,]
8-21-0.005000-[2,5,7,0,4,6,1,3,]
8-1-0.000000-[4,0,3,5,7,1,6,2,]
8-8-0.001000-[6,0,2,7,5,3,1,4,]
8-6-0.001000-[3,1,7,5,0,2,4,6,]
8-7-0.002000-[3,5,7,1,6,0,2,4,]
8-1-0.000000-[5,2,6,1,3,7,0,4,]
8-14-0.003000-[5,2,6,1,3,7,0,4,]
8-3-0.001000-[0,4,7,5,2,6,1,3,]
8-1-0.001000-[4,6,0,2,7,5,3,1,]
8-23-0.005000-[2,5,3,0,7,4,6,1,]
8-21-0.005000-[5,2,0,7,3,1,6,4,]
8-7-0.002000-[4,2,0,6,1,7,5,3,]
8-1-0.000000-[3,0,4,7,1,6,2,5,]
8-3-0.001000-[4,0,7,3,1,6,2,5,]
8-5-0.001000-[4,0,7,5,2,6,1,3,]
8-13-0.003000-[6,3,1,4,7,0,2,5,]
8-12-0.003000-[0,6,3,5,7,1,4,2,]
8-7-0.001000-[3,1,7,5,0,2,4,6,]
8-5-0.001000-[3,7,0,4,6,1,5,2,]
8-2-0.000000-[1,3,5,7,2,0,6,4,]
8-15-0.003000-[0,5,7,2,6,3,1,4,]
8-5-0.001000-[6,2,7,1,4,0,5,3,]
8-6-0.002000-[4,6,0,2,7,5,3,1,]
8-2-0.001000-[6,1,3,0,7,4,2,5,]
8-1-0.000000-[4,6,0,2,7,5,3,1,]
8-15-0.003000-[3,6,2,7,1,4,0,5,]
8-1-0.000000-[5,2,0,7,4,1,3,6,]
8-3-0.001000-[0,5,7,2,6,3,1,4,]
8-4-0.001000-[3,1,6,2,5,7,0,4,]
8-1-0.000000-[2,6,1,7,5,3,0,4,]
8-9-0.003000-[5,2,6,3,0,7,1,4,]
8-13-0.003000-[3,1,7,5,0,2,4,6,]
8-1-0.001000-[2,5,7,0,3,6,4,1,]
8-4-0.001000-[6,2,0,5,7,4,1,3,]
8-9-0.003000-[3,6,0,7,4,1,5,2,]
8-4-0.002000-[4,6,0,2,7,5,3,1,]
8-13-0.003000-[4,1,3,6,2,7,5,0,]
8-13-0.003000-[1,6,4,7,0,3,5,2,]
8-1-0.001000-[1,4,6,3,0,7,5,2,]
8-1-0.000000-[5,2,0,6,4,7,1,3,]
8-8-0.002000-[1,3,5,7,2,0,6,4,]
8-9-0.002000-[2,4,1,7,5,3,6,0,]
8-3-0.001000-[5,2,0,7,4,1,3,6,]
8-3-0.001000-[1,6,4,7,0,3,5,2,]
8-5-0.001000-[3,5,7,2,0,6,4,1,]
8-1-0.001000-[4,6,1,5,2,0,3,7,]
8-2-0.000000-[4,1,7,0,3,6,2,5,]
8-2-0.001000-[3,1,7,4,6,0,2,5,]
8-5-0.001000-[4,2,0,5,7,1,3,6,]
8-1-0.000000-[2,5,7,0,3,6,4,1,]
8-3-0.001000-[1,7,5,0,2,4,6,3,]
8-2-0.000000-[3,7,4,2,0,6,1,5,]
8-15-0.003000-[1,4,6,0,2,7,5,3,]
8-4-0.001000-[6,4,2,0,5,7,1,3,]
8-13-0.003000-[2,5,3,1,7,4,6,0,]
8-1-0.000000-[3,5,0,4,1,7,2,6,]
8-31-0.006000-[4,6,1,5,2,0,3,7,]
8-1-0.000000-[5,1,6,0,2,4,7,3,]
8-3-0.001000-[1,3,5,7,2,0,6,4,]
8-6-0.001000-[3,6,4,2,0,5,7,1,]
8-7-0.001000-[4,6,0,3,1,7,5,2,]
8-6-0.001000-[7,1,3,0,6,4,2,5,]
8-13-0.003000-[6,3,1,7,5,0,2,4,]
8-20-0.005000-[4,6,0,2,7,5,3,1,]
8-18-0.004000-[6,4,2,0,5,7,1,3,]
8-8-0.002000-[4,2,7,3,6,0,5,1,]
8-2-0.001000-[3,1,6,2,5,7,4,0,]
8-2-0.000000-[6,2,0,5,7,4,1,3,]
8-5-0.001000-[4,1,7,0,3,6,2,5,]
8-8-0.002000-[3,0,4,7,1,6,2,5,]
8-7-0.002000-[3,0,4,7,1,6,2,5,]
8-13-0.003000-[4,6,0,2,7,5,3,1,]
8-4-0.001000-[4,2,0,6,1,7,5,3,]
8-4-0.001000-[3,7,0,4,6,1,5,2,]
8-2-0.000000-[3,7,0,2,5,1,6,4,]
8-1-0.000000-[3,1,4,7,5,0,2,6,]
8-7-0.002000-[6,1,3,0,7,4,2,5,]
8-1-0.000000-[3,1,4,7,5,0,2,6,]
8-3-0.001000-[3,0,4,7,1,6,2,5,]
8-5-0.001000-[1,3,5,7,2,0,6,4,]
8-2-0.001000-[4,7,3,0,2,5,1,6,]
8-3-0.001000-[2,5,1,4,7,0,6,3,]
8-12-0.003000-[6,3,1,7,5,0,2,4,]
8-4-0.001000-[5,0,4,1,7,2,6,3,]
8-10-0.003000-[4,6,1,5,2,0,3,7,]
8-5-0.001000-[6,2,0,5,7,4,1,3,]
8-2-0.000000-[6,1,3,0,7,4,2,5,]
8-2-0.000000-[5,2,6,3,0,7,1,4,]
8-1-0.000000-[6,2,0,5,7,4,1,3,]
8-6-0.002000-[4,6,3,0,2,7,5,1,]
8-11-0.002000-[5,3,6,0,2,4,1,7,]
8-19-0.004000-[4,6,1,5,2,0,3,7,]
8-1-0.001000-[2,6,1,7,5,3,0,4,]
8-1-0.000000-[4,6,1,5,2,0,7,3,]
8-5-0.001000-[7,3,0,2,5,1,6,4,]
8-3-0.000000-[3,6,4,2,0,5,7,1,]
8-6-0.002000-[3,0,4,7,1,6,2,5,]
8-3-0.001000-[1,7,5,0,2,4,6,3,]
8-4-0.001000-[6,4,2,0,5,7,1,3,]
8-35-0.007000-[2,6,1,7,5,3,0,4,]
8-2-0.000000-[5,2,4,7,0,3,1,6,]
8-5-0.001000-[6,4,2,0,5,7,1,3,]
8-3-0.001000-[2,5,3,0,7,4,6,1,]
8-6-0.002000-[4,0,3,5,7,1,6,2,]
8-6-0.002000-[4,6,1,5,2,0,3,7,]
8-27-0.006000-[3,7,0,2,5,1,6,4,]
8-7-0.001000-[2,7,3,6,0,5,1,4,]
8-6-0.001000-[7,2,0,5,1,4,6,3,]
8-13-0.003000-[1,4,6,3,0,7,5,2,]
8-13-0.003000-[4,1,7,0,3,6,2,5,]
8-9-0.002000-[5,2,6,1,7,4,0,3,]
8-13-0.003000-[2,4,6,0,3,1,7,5,]
8-13-0.003000-[2,6,1,7,4,0,3,5,]
8-8-0.002000-[4,6,1,5,2,0,7,3,]
8-4-0.001000-[2,4,6,0,3,1,7,5,]
8-8-0.002000-[5,2,6,3,0,7,1,4,]
8-4-0.001000-[3,6,4,2,0,5,7,1,]
8-6-0.002000-[4,2,0,5,7,1,3,6,]
8-1-0.001000-[4,6,0,3,1,7,5,2,]
8-3-0.000000-[3,0,4,7,5,2,6,1,]
8-6-0.002000-[0,5,7,2,6,3,1,4,]
8-6-0.002000-[2,7,3,6,0,5,1,4,]
8-5-0.001000-[1,5,7,2,0,3,6,4,]
8-1-0.000000-[7,3,0,2,5,1,6,4,]
8-5-0.001000-[3,1,7,4,6,0,2,5,]
8-5-0.001000-[4,0,7,5,2,6,1,3,]
8-10-0.002000-[1,6,2,5,7,4,0,3,]
8-2-0.001000-[7,3,0,2,5,1,6,4,]
8-1-0.000000-[2,4,6,0,3,1,7,5,]
8-14-0.003000-[4,1,5,0,6,3,7,2,]
8-2-0.001000-[5,0,4,1,7,2,6,3,]
8-1-0.000000-[7,1,3,0,6,4,2,5,]
8-4-0.001000-[5,0,4,1,7,2,6,3,]
8-12-0.003000-[2,6,1,7,4,0,3,5,]
8-4-0.001000-[2,5,1,4,7,0,6,3,]
8-8-0.001000-[5,0,4,1,7,2,6,3,]
8-3-0.000000-[2,5,7,0,3,6,4,1,]
8-3-0.000000-[6,0,2,7,5,3,1,4,]
8-7-0.001000-[3,6,2,7,1,4,0,5,]
8-12-0.003000-[4,2,0,5,7,1,3,6,]
8-13-0.004000-[4,6,1,5,2,0,7,3,]
8-3-0.001000-[4,2,0,5,7,1,3,6,]
8-3-0.001000-[5,3,6,0,7,1,4,2,]
8-3-0.001000-[4,6,1,5,2,0,3,7,]
8-11-0.003000-[6,3,1,7,5,0,2,4,]
8-7-0.003000-[2,5,1,4,7,0,6,3,]
8-3-0.001000-[6,0,2,7,5,3,1,4,]
8-25-0.005000-[5,3,6,0,7,1,4,2,]
8-1-0.000000-[3,7,0,2,5,1,6,4,]
8-3-0.000000-[1,6,2,5,7,4,0,3,]
8-9-0.001000-[6,1,3,0,7,4,2,5,]
8-2-0.000000-[1,6,2,5,7,4,0,3,]
8-4-0.001000-[4,6,1,5,2,0,7,3,]
8-4-0.001000-[2,5,7,0,3,6,4,1,]
8-1-0.001000-[2,5,3,0,7,4,6,1,]
8-2-0.000000-[4,6,1,3,7,0,2,5,]
8-3-0.000000-[1,5,0,6,3,7,2,4,]
8-4-0.001000-[5,3,6,0,7,1,4,2,]
8-2-0.001000-[6,2,7,1,4,0,5,3,]
8-2-0.001000-[3,1,6,2,5,7,0,4,]
8-15-0.003000-[3,5,7,1,6,0,2,4,]
8-3-0.001000-[5,1,6,0,3,7,4,2,]
8-7-0.001000-[2,0,6,4,7,1,3,5,]
8-14-0.003000-[3,0,4,7,1,6,2,5,]
8-4-0.001000-[4,2,0,5,7,1,3,6,]
8-6-0.002000-[5,2,4,6,0,3,1,7,]
8-5-0.001000-[0,6,3,5,7,1,4,2,]
8-2-0.000000-[5,2,6,3,0,7,1,4,]
8-11-0.002000-[4,0,7,3,1,6,2,5,]
8-17-0.004000-[4,1,3,6,2,7,5,0,]
8-3-0.001000-[5,3,6,0,2,4,1,7,]
8-7-0.001000-[3,5,7,2,0,6,4,1,]
8-3-0.001000-[3,7,0,2,5,1,6,4,]
8-25-0.005000-[1,4,6,0,2,7,5,3,]
8-22-0.004000-[6,2,0,5,7,4,1,3,]
8-3-0.000000-[5,2,0,6,4,7,1,3,]
8-5-0.001000-[6,3,1,4,7,0,2,5,]
8-8-0.001000-[3,0,4,7,1,6,2,5,]
8-9-0.002000-[4,1,7,0,3,6,2,5,]
8-13-0.003000-[5,2,6,1,7,4,0,3,]
8-7-0.001000-[2,4,6,0,3,1,7,5,]
8-5-0.001000-[6,2,0,5,7,4,1,3,]
8-2-0.000000-[2,5,7,0,3,6,4,1,]
8-9-0.002000-[5,2,6,1,3,7,0,4,]
8-1-0.000000-[2,4,1,7,5,3,6,0,]
8-2-0.001000-[3,5,7,1,6,0,2,4,]
8-9-0.002000-[6,3,1,4,7,0,2,5,]
8-1-0.000000-[2,7,3,6,0,5,1,4,]
8-2-0.000000-[2,4,1,7,0,6,3,5,]
8-4-0.000000-[2,6,1,7,4,0,3,5,]
8-2-0.000000-[3,7,0,2,5,1,6,4,]
8-5-0.001000-[2,5,7,0,3,6,4,1,]
8-8-0.001000-[4,0,3,5,7,1,6,2,]
8-3-0.001000-[2,6,1,7,5,3,0,4,]
8-1-0.000000-[7,2,0,5,1,4,6,3,]
8-9-0.001000-[7,3,0,2,5,1,6,4,]
8-1-0.000000-[1,4,6,3,0,7,5,2,]
8-3-0.001000-[3,5,7,1,6,0,2,4,]
8-1-0.000000-[6,4,2,0,5,7,1,3,]
8-6-0.002000-[5,2,6,1,3,7,0,4,]
8-8-0.001000-[3,1,6,2,5,7,0,4,]
8-1-0.000000-[4,6,1,3,7,0,2,5,]
8-24-0.004000-[1,7,5,0,2,4,6,3,]
8-3-0.000000-[5,2,0,6,4,7,1,3,]
8-4-0.001000-[1,7,5,0,2,4,6,3,]
8-6-0.001000-[4,6,0,3,1,7,5,2,]
8-6-0.001000-[3,0,4,7,5,2,6,1,]
8-2-0.000000-[2,5,3,1,7,4,6,0,]
8-1-0.001000-[3,7,0,2,5,1,6,4,]
8-1-0.000000-[5,7,1,3,0,6,4,2,]
8-1-0.000000-[7,2,0,5,1,4,6,3,]
8-3-0.000000-[3,6,2,7,1,4,0,5,]
8-4-0.001000-[5,1,6,0,2,4,7,3,]
8-7-0.001000-[5,3,6,0,7,1,4,2,]
8-18-0.003000-[5,2,4,6,0,3,1,7,]
8-11-0.003000-[4,2,0,5,7,1,3,6,]
8-2-0.001000-[4,7,3,0,6,1,5,2,]
8-5-0.001000-[5,2,6,1,3,7,0,4,]
8-4-0.001000-[6,2,7,1,4,0,5,3,]
8-36-0.022000-[3,6,0,7,4,1,5,2,]
8-10-0.001000-[7,1,3,0,6,4,2,5,]
8-10-0.002000-[3,0,4,7,5,2,6,1,]
8-32-0.009000-[2,6,1,7,4,0,3,5,]
8-12-0.002000-[2,7,3,6,0,5,1,4,]
8-22-0.006000-[7,2,0,5,1,4,6,3,]
8-18-0.004000-[1,6,2,5,7,4,0,3,]
8-10-0.003000-[5,3,0,4,7,1,6,2,]
8-8-0.002000-[3,6,4,2,0,5,7,1,]
8-7-0.002000-[7,1,4,2,0,6,3,5,]
8-6-0.001000-[2,4,6,0,3,1,7,5,]
8-2-0.001000-[1,4,6,0,2,7,5,3,]
8-1-0.001000-[4,6,0,2,7,5,3,1,]
8-4-0.001000-[5,2,4,6,0,3,1,7,]
8-20-0.005000-[3,6,4,1,5,0,2,7,]
8-7-0.001000-[3,1,7,4,6,0,2,5,]
8-13-0.003000-[6,1,5,2,0,3,7,4,]
8-6-0.002000-[4,6,1,5,2,0,3,7,]
8-5-0.001000-[3,5,7,1,6,0,2,4,]
8-10-0.002000-[3,5,7,1,6,0,2,4,]
8-5-0.002000-[5,2,6,1,7,4,0,3,]
8-2-0.000000-[0,5,7,2,6,3,1,4,]
8-4-0.001000-[1,4,6,3,0,7,5,2,]
8-11-0.003000-[0,6,3,5,7,1,4,2,]
8-8-0.001000-[1,6,2,5,7,4,0,3,]
8-3-0.000000-[4,1,5,0,6,3,7,2,]
8-3-0.000000-[6,0,2,7,5,3,1,4,]
8-15-0.004000-[2,4,1,7,0,6,3,5,]
8-19-0.004000-[2,5,1,4,7,0,6,3,]
8-11-0.003000-[4,2,0,5,7,1,3,6,]
8-7-0.002000-[1,4,6,3,0,7,5,2,]
8-11-0.002000-[3,1,6,2,5,7,0,4,]
8-11-0.003000-[7,1,3,0,6,4,2,5,]
8-4-0.001000-[4,2,0,5,7,1,3,6,]
8-19-0.005000-[5,2,6,3,0,7,1,4,]
8-7-0.003000-[3,0,4,7,5,2,6,1,]
8-8-0.002000-[5,2,0,7,4,1,3,6,]
8-5-0.001000-[3,1,6,4,0,7,5,2,]
8-20-0.005000-[2,5,7,0,3,6,4,1,]
8-9-0.002000-[1,7,5,0,2,4,6,3,]
8-4-0.001000-[4,6,1,3,7,0,2,5,]
8-10-0.003000-[5,2,0,7,3,1,6,4,]
8-4-0.001000-[5,2,4,7,0,3,1,6,]
8-1-0.000000-[3,1,7,5,0,2,4,6,]
8-1-0.001000-[1,7,5,0,2,4,6,3,]
8-1-0.000000-[5,7,1,3,0,6,4,2,]
8-10-0.003000-[3,1,7,4,6,0,2,5,]
8-1-0.001000-[4,1,3,5,7,2,0,6,]
8-7-0.001000-[2,4,1,7,0,6,3,5,]
8-4-0.001000-[4,6,1,3,7,0,2,5,]
8-8-0.002000-[6,2,0,5,7,4,1,3,]
8-5-0.001000-[2,5,3,0,7,4,6,1,]
8-9-0.003000-[3,1,4,7,5,0,2,6,]
8-4-0.001000-[5,3,0,4,7,1,6,2,]
8-4-0.001000-[4,6,0,2,7,5,3,1,]
8-4-0.001000-[2,4,6,0,3,1,7,5,]
8-1-0.001000-[2,4,1,7,5,3,6,0,]
8-5-0.001000-[5,2,4,7,0,3,1,6,]
8-1-0.000000-[3,1,6,2,5,7,0,4,]
8-9-0.002000-[4,6,1,5,2,0,3,7,]
8-16-0.004000-[4,7,3,0,6,1,5,2,]
8-18-0.005000-[2,4,1,7,5,3,6,0,]
8-5-0.001000-[2,0,6,4,7,1,3,5,]
8-1-0.000000-[6,3,1,4,7,0,2,5,]
8-4-0.002000-[4,6,1,5,2,0,3,7,]
8-3-0.001000-[3,1,6,2,5,7,0,4,]
8-12-0.003000-[3,5,0,4,1,7,2,6,]
8-10-0.002000-[5,2,6,1,3,7,0,4,]
8-3-0.001000-[6,0,2,7,5,3,1,4,]
8-3-0.001000-[6,0,2,7,5,3,1,4,]
8-5-0.002000-[4,1,7,0,3,6,2,5,]
8-6-0.001000-[0,6,4,7,1,3,5,2,]
8-10-0.003000-[3,1,6,4,0,7,5,2,]
8-11-0.002000-[5,3,6,0,7,1,4,2,]
8-17-0.004000-[2,5,1,6,4,0,7,3,]
8-20-0.005000-[2,6,1,7,5,3,0,4,]
8-2-0.000000-[7,1,4,2,0,6,3,5,]
8-11-0.003000-[2,5,3,0,7,4,6,1,]
8-5-0.001000-[3,7,0,2,5,1,6,4,]
8-14-0.003000-[5,1,6,0,3,7,4,2,]
8-2-0.000000-[1,4,6,0,2,7,5,3,]
8-7-0.001000-[5,0,4,1,7,2,6,3,]
8-16-0.004000-[5,3,6,0,7,1,4,2,]
8-1-0.000000-[3,7,0,2,5,1,6,4,]
8-2-0.000000-[2,5,7,0,3,6,4,1,]
8-12-0.003000-[2,5,7,0,4,6,1,3,]
8-1-0.000000-[7,3,0,2,5,1,6,4,]
8-14-0.003000-[5,2,4,6,0,3,1,7,]
8-6-0.002000-[4,0,7,5,2,6,1,3,]
8-1-0.001000-[4,2,0,5,7,1,3,6,]
8-4-0.001000-[6,2,0,5,7,4,1,3,]
8-4-0.001000-[3,0,4,7,1,6,2,5,]
8-6-0.001000-[6,0,2,7,5,3,1,4,]
8-12-0.003000-[6,1,3,0,7,4,2,5,]
8-1-0.001000-[4,6,3,0,2,7,5,1,]
8-9-0.002000-[7,1,4,2,0,6,3,5,]
8-2-0.001000-[7,1,4,2,0,6,3,5,]
8-8-0.002000-[4,1,3,6,2,7,5,0,]
8-6-0.001000-[1,6,4,7,0,3,5,2,]
8-16-0.003000-[5,2,6,1,7,4,0,3,]
8-6-0.001000-[2,0,6,4,7,1,3,5,]
8-3-0.000000-[2,5,7,0,3,6,4,1,]
8-25-0.005000-[4,6,1,3,7,0,2,5,]
8-4-0.001000-[5,2,0,7,3,1,6,4,]
8-2-0.001000-[6,2,0,5,7,4,1,3,]
8-1-0.000000-[2,4,7,3,0,6,1,5,]
8-4-0.001000-[3,1,7,5,0,2,4,6,]
8-8-0.002000-[5,2,0,7,3,1,6,4,]
8-7-0.002000-[6,4,2,0,5,7,1,3,]
8-4-0.001000-[6,1,3,0,7,4,2,5,]
8-1-0.000000-[7,3,0,2,5,1,6,4,]
8-4-0.001000-[7,2,0,5,1,4,6,3,]
8-11-0.002000-[1,7,5,0,2,4,6,3,]
8-1-0.000000-[0,4,7,5,2,6,1,3,]
8-8-0.002000-[2,5,7,0,4,6,1,3,]
8-6-0.002000-[3,6,4,1,5,0,2,7,]
8-12-0.003000-[4,1,3,6,2,7,5,0,]
8-7-0.002000-[5,2,4,7,0,3,1,6,]
8-5-0.002000-[5,3,6,0,2,4,1,7,]
8-16-0.005000-[5,3,6,0,2,4,1,7,]
8-19-0.006000-[3,0,4,7,5,2,6,1,]
8-2-0.000000-[2,5,1,4,7,0,6,3,]
8-11-0.003000-[4,6,1,3,7,0,2,5,]
8-3-0.001000-[2,0,6,4,7,1,3,5,]
8-30-0.007000-[4,2,0,6,1,7,5,3,]
8-8-0.002000-[2,5,3,0,7,4,6,1,]
8-4-0.001000-[3,6,4,2,0,5,7,1,]
8-18-0.005000-[7,1,3,0,6,4,2,5,]
8-13-0.003000-[4,6,1,5,2,0,7,3,]
8-2-0.000000-[0,5,7,2,6,3,1,4,]
8-6-0.002000-[2,5,7,1,3,0,6,4,]
8-10-0.003000-[3,6,0,7,4,1,5,2,]
8-2-0.000000-[0,6,3,5,7,1,4,2,]
8-2-0.000000-[5,2,4,6,0,3,1,7,]
8-8-0.002000-[1,4,6,3,0,7,5,2,]
8-1-0.000000-[4,2,0,6,1,7,5,3,]
8-3-0.001000-[3,7,0,2,5,1,6,4,]
8-2-0.000000-[2,7,3,6,0,5,1,4,]
8-9-0.002000-[6,3,1,7,5,0,2,4,]
8-1-0.000000-[3,1,7,4,6,0,2,5,]
8-8-0.002000-[5,2,0,7,4,1,3,6,]
8-1-0.000000-[5,7,1,3,0,6,4,2,]
8-10-0.003000-[2,5,1,4,7,0,6,3,]
8-12-0.004000-[5,3,0,4,7,1,6,2,]
8-12-0.004000-[1,4,6,0,2,7,5,3,]
8-12-0.004000-[1,6,2,5,7,4,0,3,]
8-4-0.001000-[1,4,6,3,0,7,5,2,]
8-1-0.000000-[4,6,3,0,2,7,5,1,]
8-1-0.000000-[4,6,0,3,1,7,5,2,]
8-3-0.001000-[7,2,0,5,1,4,6,3,]
8-10-0.003000-[3,1,4,7,5,0,2,6,]
8-14-0.004000-[6,1,3,0,7,4,2,5,]
8-4-0.001000-[5,2,6,1,7,4,0,3,]
8-1-0.001000-[2,6,1,7,5,3,0,4,]
8-2-0.001000-[0,6,3,5,7,1,4,2,]
8-3-0.001000-[1,5,7,2,0,3,6,4,]
8-3-0.001000-[0,6,3,5,7,1,4,2,]
8-1-0.000000-[0,6,4,7,1,3,5,2,]
8-2-0.000000-[4,1,3,5,7,2,0,6,]
8-1-0.000000-[3,7,4,2,0,6,1,5,]
8-4-0.001000-[5,2,0,6,4,7,1,3,]
8-12-0.004000-[6,2,0,5,7,4,1,3,]
8-2-0.000000-[5,3,6,0,2,4,1,7,]
8-15-0.004000-[3,5,7,2,0,6,4,1,]
8-2-0.001000-[1,5,7,2,0,3,6,4,]
8-12-0.004000-[1,5,7,2,0,3,6,4,]
8-2-0.000000-[5,1,6,0,2,4,7,3,]
8-6-0.002000-[2,4,1,7,5,3,6,0,]
8-5-0.002000-[1,4,6,0,2,7,5,3,]
8-3-0.001000-[5,3,6,0,7,1,4,2,]
8-1-0.000000-[3,6,0,7,4,1,5,2,]
8-24-0.006000-[4,6,0,3,1,7,5,2,]
8-16-0.004000-[5,3,1,7,4,6,0,2,]
8-3-0.001000-[3,1,7,4,6,0,2,5,]
8-8-0.002000-[3,5,7,2,0,6,4,1,]
8-10-0.003000-[1,5,7,2,0,3,6,4,]
8-5-0.001000-[4,1,7,0,3,6,2,5,]
8-13-0.003000-[5,3,1,7,4,6,0,2,]
8-3-0.001000-[6,3,1,7,5,0,2,4,]
8-1-0.000000-[3,5,0,4,1,7,2,6,]
8-2-0.000000-[0,5,7,2,6,3,1,4,]
8-11-0.003000-[1,3,5,7,2,0,6,4,]
8-5-0.002000-[1,3,5,7,2,0,6,4,]
8-6-0.002000-[0,5,7,2,6,3,1,4,]
8-11-0.003000-[2,5,3,0,7,4,6,1,]
8-4-0.001000-[3,7,0,4,6,1,5,2,]
8-9-0.003000-[4,1,5,0,6,3,7,2,]
8-15-0.005000-[6,2,7,1,4,0,5,3,]
8-10-0.003000-[0,5,7,2,6,3,1,4,]
8-5-0.002000-[5,2,6,1,7,4,0,3,]
8-4-0.001000-[4,7,3,0,6,1,5,2,]
8-5-0.001000-[5,2,6,1,7,4,0,3,]
8-7-0.001000-[4,0,7,5,2,6,1,3,]
8-7-0.002000-[1,4,6,0,2,7,5,3,]
8-15-0.003000-[5,1,6,0,3,7,4,2,]
8-1-0.001000-[7,3,0,2,5,1,6,4,]
8-16-0.004000-[5,3,6,0,7,1,4,2,]
8-6-0.002000-[6,3,1,7,5,0,2,4,]
8-3-0.001000-[4,0,3,5,7,1,6,2,]
8-1-0.001000-[2,5,3,1,7,4,6,0,]
8-4-0.001000-[2,5,7,0,3,6,4,1,]
8-3-0.001000-[3,5,0,4,1,7,2,6,]
8-7-0.002000-[2,4,1,7,0,6,3,5,]
8-6-0.002000-[2,5,3,0,7,4,6,1,]
8-21-0.006000-[3,5,7,1,6,0,2,4,]
8-6-0.001000-[5,2,6,1,7,4,0,3,]
8-4-0.001000-[5,2,0,6,4,7,1,3,]
8-9-0.002000-[1,6,4,7,0,3,5,2,]
8-4-0.001000-[4,6,0,3,1,7,5,2,]
8-3-0.001000-[6,1,3,0,7,4,2,5,]
8-12-0.004000-[4,2,7,3,6,0,5,1,]
8-26-0.007000-[6,1,3,0,7,4,2,5,]
8-7-0.002000-[3,6,4,1,5,0,2,7,]
8-7-0.002000-[3,0,4,7,1,6,2,5,]
8-5-0.002000-[7,2,0,5,1,4,6,3,]
8-3-0.001000-[5,2,4,6,0,3,1,7,]
8-5-0.002000-[2,4,1,7,0,6,3,5,]
8-5-0.001000-[4,6,1,3,7,0,2,5,]
8-1-0.000000-[5,3,0,4,7,1,6,2,]
8-6-0.002000-[3,1,7,4,6,0,2,5,]
8-9-0.002000-[3,6,4,1,5,0,2,7,]
8-5-0.001000-[5,2,4,6,0,3,1,7,]
8-5-0.002000-[5,2,4,7,0,3,1,6,]
8-4-0.001000-[4,2,7,3,6,0,5,1,]
8-1-0.001000-[4,6,1,5,2,0,3,7,]
8-12-0.003000-[5,7,1,3,0,6,4,2,]
8-14-0.003000-[3,6,0,7,4,1,5,2,]
8-11-0.003000-[4,6,3,0,2,7,5,1,]
8-3-0.001000-[2,5,7,0,4,6,1,3,]
8-27-0.008000-[0,6,4,7,1,3,5,2,]
8-8-0.003000-[4,6,3,0,2,7,5,1,]
8-3-0.001000-[2,5,7,0,3,6,4,1,]
8-2-0.000000-[5,1,6,0,2,4,7,3,]
8-10-0.002000-[4,2,7,3,6,0,5,1,]
8-3-0.001000-[4,0,7,5,2,6,1,3,]
8-28-0.008000-[6,0,2,7,5,3,1,4,]
8-5-0.001000-[2,0,6,4,7,1,3,5,]
8-13-0.004000-[2,5,7,0,3,6,4,1,]
8-3-0.001000-[0,5,7,2,6,3,1,4,]
8-11-0.004000-[2,7,3,6,0,5,1,4,]
8-3-0.001000-[6,1,5,2,0,3,7,4,]
8-13-0.004000-[1,3,5,7,2,0,6,4,]
8-5-0.001000-[2,6,1,7,5,3,0,4,]
8-3-0.001000-[5,3,6,0,7,1,4,2,]
8-10-0.003000-[5,3,6,0,2,4,1,7,]
8-2-0.001000-[5,3,0,4,7,1,6,2,]
8-3-0.001000-[4,1,3,6,2,7,5,0,]
8-1-0.000000-[7,1,3,0,6,4,2,5,]
8-16-0.004000-[3,1,6,2,5,7,4,0,]
8-8-0.006000-[5,2,6,3,0,7,1,4,]
8-6-0.001000-[6,4,2,0,5,7,1,3,]
8-3-0.000000-[3,1,6,4,0,7,5,2,]
8-8-0.002000-[2,6,1,7,4,0,3,5,]
8-7-0.002000-[1,7,5,0,2,4,6,3,]
8-21-0.006000-[3,1,6,2,5,7,4,0,]
8-7-0.002000-[4,2,0,5,7,1,3,6,]
8-10-0.003000-[3,5,7,1,6,0,2,4,]
8-1-0.000000-[2,0,6,4,7,1,3,5,]
8-1-0.001000-[3,6,0,7,4,1,5,2,]
8-3-0.001000-[6,1,5,2,0,3,7,4,]
8-18-0.005000-[7,1,3,0,6,4,2,5,]
8-6-0.002000-[1,7,5,0,2,4,6,3,]
8-5-0.001000-[2,4,7,3,0,6,1,5,]
8-8-0.002000-[2,5,1,6,4,0,7,3,]
8-13-0.003000-[0,6,4,7,1,3,5,2,]
8-18-0.004000-[4,2,0,5,7,1,3,6,]
8-9-0.002000-[3,1,4,7,5,0,2,6,]
8-9-0.003000-[4,0,7,5,2,6,1,3,]
8-4-0.001000-[4,1,3,5,7,2,0,6,]
8-9-0.002000-[3,1,7,5,0,2,4,6,]
8-1-0.000000-[2,4,7,3,0,6,1,5,]
8-6-0.002000-[3,6,2,7,1,4,0,5,]
8-22-0.006000-[2,5,1,6,4,0,7,3,]
8-4-0.001000-[5,7,1,3,0,6,4,2,]
8-6-0.001000-[2,4,1,7,5,3,6,0,]
8-5-0.001000-[3,0,4,7,1,6,2,5,]
8-15-0.004000-[4,1,5,0,6,3,7,2,]
8-16-0.004000-[5,2,6,1,7,4,0,3,]
8-25-0.007000-[3,1,6,2,5,7,0,4,]
8-7-0.002000-[1,4,6,0,2,7,5,3,]
8-10-0.003000-[2,4,1,7,5,3,6,0,]
8-14-0.003000-[2,6,1,7,4,0,3,5,]
8-1-0.000000-[2,0,6,4,7,1,3,5,]
8-3-0.000000-[6,0,2,7,5,3,1,4,]
8-6-0.002000-[4,6,0,3,1,7,5,2,]
8-18-0.005000-[2,7,3,6,0,5,1,4,]
8-10-0.002000-[5,3,1,7,4,6,0,2,]
8-33-0.009000-[3,1,7,4,6,0,2,5,]
8-14-0.004000-[3,0,4,7,5,2,6,1,]
8-22-0.006000-[5,2,0,7,4,1,3,6,]
8-4-0.001000-[2,5,7,0,3,6,4,1,]
8-12-0.003000-[5,2,4,6,0,3,1,7,]
8-3-0.001000-[3,6,0,7,4,1,5,2,]
8-21-0.006000-[1,5,7,2,0,3,6,4,]
8-1-0.000000-[4,2,0,5,7,1,3,6,]
8-4-0.001000-[1,4,6,0,2,7,5,3,]
8-13-0.003000-[3,1,7,4,6,0,2,5,]
8-2-0.000000-[5,2,0,6,4,7,1,3,]
8-9-0.002000-[2,5,3,0,7,4,6,1,]
8-5-0.001000-[2,5,1,6,0,3,7,4,]
8-10-0.003000-[4,6,3,0,2,7,5,1,]
8-11-0.003000-[4,2,7,3,6,0,5,1,]
8-8-0.002000-[7,2,0,5,1,4,6,3,]
8-6-0.001000-[5,2,4,6,0,3,1,7,]
8-3-0.001000-[1,7,5,0,2,4,6,3,]
8-3-0.001000-[1,5,0,6,3,7,2,4,]
8-4-0.001000-[3,1,6,2,5,7,4,0,]
8-16-0.004000-[2,5,1,6,0,3,7,4,]
8-4-0.001000-[4,7,3,0,6,1,5,2,]
8-14-0.004000-[2,0,6,4,7,1,3,5,]
8-4-0.001000-[6,3,1,4,7,0,2,5,]
8-7-0.002000-[3,1,6,4,0,7,5,2,]
8-3-0.001000-[4,1,7,0,3,6,2,5,]
8-3-0.002000-[2,5,7,0,4,6,1,3,]
8-2-0.001000-[4,1,3,5,7,2,0,6,]
8-6-0.002000-[2,0,6,4,7,1,3,5,]
8-12-0.004000-[5,1,6,0,3,7,4,2,]
8-11-0.004000-[5,2,6,1,3,7,0,4,]
8-12-0.003000-[3,1,6,4,0,7,5,2,]
8-7-0.001000-[4,6,1,3,7,0,2,5,]
8-7-0.001000-[4,6,0,2,7,5,3,1,]
8-1-0.000000-[2,5,1,6,0,3,7,4,]
8-13-0.003000-[4,6,3,0,2,7,5,1,]
8-6-0.001000-[1,4,6,0,2,7,5,3,]
8-4-0.001000-[5,2,6,1,3,7,0,4,]
8-13-0.004000-[3,7,4,2,0,6,1,5,]
8-8-0.002000-[2,5,3,0,7,4,6,1,]
8-8-0.003000-[1,3,5,7,2,0,6,4,]
8-4-0.001000-[3,1,7,5,0,2,4,6,]
8-1-0.000000-[5,1,6,0,2,4,7,3,]
8-11-0.004000-[2,4,1,7,0,6,3,5,]
8-16-0.005000-[4,2,0,5,7,1,3,6,]
8-1-0.000000-[1,4,6,0,2,7,5,3,]
8-3-0.001000-[6,3,1,7,5,0,2,4,]
8-12-0.003000-[0,5,7,2,6,3,1,4,]
8-1-0.000000-[3,6,0,7,4,1,5,2,]
8-1-0.001000-[7,1,4,2,0,6,3,5,]
8-2-0.000000-[6,0,2,7,5,3,1,4,]
8-6-0.002000-[4,0,3,5,7,1,6,2,]
8-4-0.001000-[1,4,6,3,0,7,5,2,]
8-8-0.002000-[6,4,2,0,5,7,1,3,]
8-7-0.002000-[2,4,6,0,3,1,7,5,]
8-12-0.003000-[4,6,1,3,7,0,2,5,]
8-4-0.001000-[4,2,0,5,7,1,3,6,]
8-3-0.001000-[6,1,5,2,0,3,7,4,]
8-5-0.002000-[1,5,7,2,0,3,6,4,]
8-14-0.004000-[1,3,5,7,2,0,6,4,]
8-10-0.003000-[3,5,0,4,1,7,2,6,]
8-1-0.001000-[1,4,6,0,2,7,5,3,]
8-4-0.001000-[5,2,6,1,7,4,0,3,]
8-1-0.001000-[5,2,6,1,7,4,0,3,]
8-11-0.003000-[0,4,7,5,2,6,1,3,]
8-3-0.001000-[3,5,7,1,6,0,2,4,]
8-3-0.001000-[2,5,7,0,4,6,1,3,]
8-10-0.003000-[5,3,1,7,4,6,0,2,]
8-15-0.005000-[3,6,4,2,0,5,7,1,]
8-10-0.004000-[2,5,7,0,3,6,4,1,]
8-5-0.002000-[4,1,7,0,3,6,2,5,]
8-2-0.001000-[2,5,1,4,7,0,6,3,]
8-13-0.004000-[5,2,6,1,3,7,0,4,]
8-6-0.001000-[4,2,0,5,7,1,3,6,]
8-21-0.011000-[2,5,7,1,3,0,6,4,]
8-3-0.001000-[2,4,1,7,0,6,3,5,]
8-3-0.001000-[0,6,3,5,7,1,4,2,]
8-2-0.000000-[3,7,0,4,6,1,5,2,]
8-12-0.004000-[6,4,2,0,5,7,1,3,]
8-3-0.002000-[6,3,1,4,7,0,2,5,]
8-14-0.004000-[3,1,7,4,6,0,2,5,]
8-4-0.001000-[4,0,3,5,7,1,6,2,]
8-3-0.001000-[3,1,6,2,5,7,4,0,]
8-11-0.002000-[3,0,4,7,1,6,2,5,]
8-4-0.001000-[3,6,0,7,4,1,5,2,]
8-5-0.001000-[5,2,4,6,0,3,1,7,]
8-13-0.003000-[2,5,7,0,3,6,4,1,]
8-1-0.000000-[6,3,1,7,5,0,2,4,]
8-3-0.001000-[3,5,7,2,0,6,4,1,]
8-2-0.000000-[7,2,0,5,1,4,6,3,]
8-2-0.000000-[2,4,6,0,3,1,7,5,]
8-2-0.000000-[6,1,3,0,7,4,2,5,]
8-7-0.001000-[5,3,6,0,2,4,1,7,]
8-4-0.001000-[4,0,7,5,2,6,1,3,]
8-1-0.001000-[3,5,0,4,1,7,2,6,]
8-5-0.002000-[4,1,3,6,2,7,5,0,]
8-7-0.002000-[2,5,7,0,4,6,1,3,]
8-2-0.001000-[5,2,6,3,0,7,1,4,]
8-13-0.004000-[7,3,0,2,5,1,6,4,]
8-8-0.002000-[1,3,5,7,2,0,6,4,]
8-8-0.002000-[1,7,5,0,2,4,6,3,]
8-11-0.003000-[1,5,0,6,3,7,2,4,]
8-28-0.008000-[2,6,1,7,4,0,3,5,]
8-9-0.002000-[5,7,1,3,0,6,4,2,]
8-4-0.001000-[3,6,4,2,0,5,7,1,]
8-22-0.005000-[2,7,3,6,0,5,1,4,]
8-4-0.001000-[7,1,4,2,0,6,3,5,]
8-4-0.002000-[3,1,7,4,6,0,2,5,]
8-15-0.004000-[6,3,1,4,7,0,2,5,]
8-36-0.009000-[3,6,4,2,0,5,7,1,]
8-2-0.001000-[6,1,3,0,7,4,2,5,]
8-1-0.001000-[4,0,7,3,1,6,2,5,]
8-1-0.000000-[4,7,3,0,6,1,5,2,]
8-11-0.003000-[2,4,6,0,3,1,7,5,]
8-6-0.001000-[6,1,3,0,7,4,2,5,]
8-8-0.002000-[5,2,0,7,4,1,3,6,]
8-11-0.003000-[4,1,5,0,6,3,7,2,]
8-8-0.003000-[3,6,2,7,1,4,0,5,]
8-9-0.002000-[3,0,4,7,5,2,6,1,]
8-2-0.001000-[2,6,1,7,4,0,3,5,]
8-4-0.001000-[1,6,2,5,7,4,0,3,]
8-13-0.003000-[2,4,7,3,0,6,1,5,]
8-4-0.001000-[2,5,1,6,4,0,7,3,]
8-12-0.003000-[5,1,6,0,2,4,7,3,]
8-8-0.002000-[3,6,2,7,1,4,0,5,]
8-2-0.001000-[3,0,4,7,1,6,2,5,]
8-1-0.000000-[3,5,7,1,6,0,2,4,]
8-9-0.002000-[4,7,3,0,6,1,5,2,]
8-3-0.001000-[3,1,4,7,5,0,2,6,]
8-2-0.001000-[1,5,0,6,3,7,2,4,]
8-3-0.001000-[6,1,5,2,0,3,7,4,]
8-8-0.003000-[3,5,7,2,0,6,4,1,]
8-5-0.001000-[5,7,1,3,0,6,4,2,]
8-27-0.006000-[1,4,6,3,0,7,5,2,]
8-4-0.002000-[4,1,7,0,3,6,2,5,]
8-5-0.001000-[5,3,6,0,7,1,4,2,]
8-2-0.001000-[1,6,4,7,0,3,5,2,]
8-20-0.006000-[6,1,3,0,7,4,2,5,]
8-3-0.001000-[2,5,3,0,7,4,6,1,]
8-4-0.001000-[2,7,3,6,0,5,1,4,]
8-3-0.000000-[6,2,7,1,4,0,5,3,]
8-2-0.000000-[3,6,2,7,1,4,0,5,]
8-6-0.001000-[2,5,3,1,7,4,6,0,]
8-11-0.002000-[6,3,1,7,5,0,2,4,]
8-3-0.001000-[6,4,2,0,5,7,1,3,]
8-5-0.002000-[1,4,6,0,2,7,5,3,]
8-16-0.005000-[5,2,6,3,0,7,1,4,]
8-11-0.003000-[3,5,7,2,0,6,4,1,]
8-7-0.002000-[2,5,1,6,0,3,7,4,]
8-20-0.006000-[4,1,3,5,7,2,0,6,]
8-3-0.001000-[2,7,3,6,0,5,1,4,]
8-3-0.001000-[4,6,3,0,2,7,5,1,]
8-2-0.000000-[5,3,1,7,4,6,0,2,]
8-1-0.000000-[4,1,3,6,2,7,5,0,]
8-6-0.002000-[5,3,6,0,2,4,1,7,]
8-13-0.004000-[3,0,4,7,5,2,6,1,]
8-1-0.000000-[2,4,1,7,5,3,6,0,]
8-2-0.000000-[4,0,7,5,2,6,1,3,]
8-5-0.001000-[1,6,4,7,0,3,5,2,]
8-5-0.001000-[3,5,0,4,1,7,2,6,]
8-3-0.001000-[3,6,0,7,4,1,5,2,]
8-5-0.002000-[3,0,4,7,1,6,2,5,]
8-1-0.000000-[3,7,0,4,6,1,5,2,]
8-6-0.001000-[3,5,7,1,6,0,2,4,]
8-3-0.001000-[0,5,7,2,6,3,1,4,]
8-2-0.001000-[4,6,0,3,1,7,5,2,]
8-9-0.002000-[3,7,4,2,0,6,1,5,]
8-12-0.002000-[2,6,1,7,5,3,0,4,]
8-3-0.000000-[4,6,0,2,7,5,3,1,]
8-2-0.000000-[2,6,1,7,5,3,0,4,]
8-10-0.003000-[2,5,7,0,4,6,1,3,]
8-1-0.000000-[6,3,1,7,5,0,2,4,]
8-2-0.001000-[5,2,4,6,0,3,1,7,]
8-1-0.001000-[5,2,4,6,0,3,1,7,]
8-15-0.005000-[7,3,0,2,5,1,6,4,]
8-1-0.000000-[5,3,6,0,2,4,1,7,]
8-4-0.001000-[5,3,1,7,4,6,0,2,]
8-5-0.002000-[2,4,1,7,0,6,3,5,]
8-6-0.002000-[5,2,4,6,0,3,1,7,]
8-27-0.007000-[6,2,7,1,4,0,5,3,]
8-3-0.001000-[1,5,0,6,3,7,2,4,]
8-6-0.001000-[6,3,1,4,7,0,2,5,]
8-24-0.007000-[2,0,6,4,7,1,3,5,]
8-5-0.001000-[7,2,0,5,1,4,6,3,]
8-2-0.000000-[3,5,7,2,0,6,4,1,]
8-1-0.000000-[7,3,0,2,5,1,6,4,]
8-3-0.001000-[0,6,3,5,7,1,4,2,]
8-7-0.002000-[3,7,0,4,6,1,5,2,]
8-7-0.002000-[7,1,3,0,6,4,2,5,]
8-11-0.003000-[1,4,6,3,0,7,5,2,]
8-2-0.000000-[3,7,0,4,6,1,5,2,]
8-8-0.002000-[1,5,7,2,0,3,6,4,]
8-1-0.000000-[3,5,7,1,6,0,2,4,]
8-3-0.000000-[2,4,1,7,5,3,6,0,]
8-4-0.001000-[4,7,3,0,6,1,5,2,]
8-13-0.003000-[3,6,0,7,4,1,5,2,]
8-19-0.004000-[6,3,1,4,7,0,2,5,]
8-2-0.001000-[6,3,1,7,5,0,2,4,]
8-9-0.002000-[2,5,7,1,3,0,6,4,]
8-4-0.002000-[6,3,1,7,5,0,2,4,]
8-2-0.001000-[3,1,7,5,0,2,4,6,]
8-4-0.001000-[0,5,7,2,6,3,1,4,]
8-7-0.002000-[3,7,0,2,5,1,6,4,]
8-10-0.002000-[3,0,4,7,1,6,2,5,]
8-1-0.000000-[3,6,4,1,5,0,2,7,]
8-8-0.002000-[5,2,0,6,4,7,1,3,]
8-2-0.000000-[5,3,6,0,7,1,4,2,]
8-2-0.001000-[3,1,6,2,5,7,4,0,]
8-5-0.002000-[2,0,6,4,7,1,3,5,]
8-4-0.001000-[0,5,7,2,6,3,1,4,]
8-8-0.002000-[5,2,6,1,3,7,0,4,]
8-10-0.003000-[1,4,6,3,0,7,5,2,]
8-4-0.001000-[4,6,3,0,2,7,5,1,]
8-1-0.000000-[4,2,0,6,1,7,5,3,]
8-2-0.001000-[3,5,0,4,1,7,2,6,]
8-15-0.003000-[2,6,1,7,4,0,3,5,]
8-3-0.001000-[2,5,1,6,4,0,7,3,]
8-19-0.004000-[2,6,1,7,4,0,3,5,]
8-2-0.000000-[3,5,7,2,0,6,4,1,]
8-2-0.001000-[2,5,7,0,3,6,4,1,]
8-1-0.000000-[4,2,7,3,6,0,5,1,]
8-15-0.005000-[5,2,0,7,4,1,3,6,]
8-1-0.000000-[4,6,0,3,1,7,5,2,]
8-6-0.002000-[2,6,1,7,4,0,3,5,]
8-5-0.001000-[2,5,1,6,0,3,7,4,]
8-6-0.001000-[4,7,3,0,2,5,1,6,]
8-10-0.002000-[4,1,3,6,2,7,5,0,]
8-1-0.000000-[4,2,0,5,7,1,3,6,]
8-8-0.002000-[3,7,4,2,0,6,1,5,]
8-4-0.001000-[4,1,7,0,3,6,2,5,]
8-1-0.000000-[2,4,1,7,5,3,6,0,]
