5, 1, 0.000, [4,2,5,3,1,]
5, 1, 0.001, [2,4,1,3,5,]
5, 1, 0.001, [4,1,3,5,2,]
4, 2, 0.000, [2,4,1,3,]
4, 5, 0.000, [3,1,4,2,]
4, 1, 0.000, [2,4,1,3,]
6, 4, 0.001, [2,4,6,1,3,5,]
6, 18, 0.003, [3,6,2,5,1,4,]
6, 4, 0.001, [4,1,5,2,6,3,]
7, 6, 0.001, [7,2,4,6,1,3,5,]
7, 10, 0.004, [3,7,4,1,5,2,6,]
7, 2, 0.001, [4,7,5,2,6,1,3,]
8, 7, 0.004, [6,4,7,1,8,2,5,3,]
8, 4, 0.001, [6,3,1,8,4,2,7,5,]
8, 1, 0.000, [6,3,7,2,8,5,1,4,]
8, 8, 0.002, [5,2,4,7,3,8,6,1,]
9, 3, 0.001, [9,5,3,8,4,7,1,6,2,]
9, 10, 0.005, [5,7,4,1,3,8,6,2,9,]
9, 17, 0.012, [4,7,3,6,9,1,8,5,2,]
10, 16, 0.021, [8,3,1,7,2,10,6,4,9,5,]
10, 38, 0.017, [8,1,3,10,6,9,5,2,4,7,]
10, 8, 0.004, [9,2,6,1,10,7,5,3,8,4,]
11, 15, 0.009, [4,8,3,9,7,2,11,6,10,1,5,]
11, 16, 0.028, [6,3,10,8,1,5,2,11,9,7,4,]
11, 10, 0.011, [1,9,4,6,11,3,10,7,5,8,2,]
12, 3, 0.006, [11,8,6,12,2,7,1,3,5,9,4,10,]
12, 46, 0.043, [12,6,3,10,7,5,2,11,1,8,4,9,]
12, 21, 0.019, [12,6,8,1,4,9,3,10,7,2,11,5,]
20-20-0.172000-[9,16,4,10,8,17,1,12,2,6,18,14,11,19,15,5,0,13,3,7,]
26-114-2.504000-[16,4,2,21,10,22,3,15,13,19,9,23,0,5,1,24,20,6,12,14,11,17,7,25,8,18,]
