10-2-0.002000-[2,5,9,6,1,3,7,0,4,8,]
10-11-0.012000-[0,2,5,7,9,4,8,1,3,6,]
10-20-0.016000-[4,8,0,2,6,1,9,7,5,3,]
10-8-0.006000-[7,0,3,6,9,5,8,1,4,2,]
10-7-0.003000-[6,1,7,2,0,9,4,8,5,3,]
10-6-0.002000-[6,3,1,4,8,5,9,2,0,7,]
10-7-0.005000-[6,2,5,7,9,0,3,1,4,8,]
10-7-0.004000-[8,2,0,7,1,4,6,9,3,5,]
10-26-0.012000-[6,3,7,0,4,9,1,5,2,8,]
10-23-0.013000-[5,7,2,6,3,9,0,8,4,1,]
10-1-0.001000-[8,4,7,0,2,5,1,6,9,3,]
10-5-0.003000-[2,6,1,7,5,0,9,4,8,3,]
10-19-0.009000-[5,8,2,0,7,1,4,6,9,3,]
10-21-0.010000-[7,2,0,6,1,9,5,3,8,4,]
10-6-0.005000-[0,6,3,5,8,1,9,4,2,7,]
10-11-0.007000-[5,0,4,6,8,3,1,7,9,2,]
10-22-0.014000-[9,3,1,4,7,0,2,5,8,6,]
10-12-0.007000-[5,7,0,3,6,9,1,8,4,2,]
10-15-0.010000-[4,2,8,3,9,7,5,1,6,0,]
10-14-0.007000-[5,3,0,4,7,9,2,6,8,1,]
10-16-0.009000-[4,2,0,9,6,8,3,1,7,5,]
10-9-0.006000-[4,2,0,9,6,8,3,1,7,5,]
10-43-0.027000-[2,7,5,8,0,9,4,6,1,3,]
10-26-0.015000-[6,1,7,0,8,3,5,9,2,4,]
10-18-0.010000-[5,1,9,0,3,7,2,8,6,4,]
10-15-0.008000-[0,3,9,6,8,2,4,1,7,5,]
10-12-0.009000-[5,7,1,6,0,2,4,8,3,9,]
10-3-0.003000-[5,7,4,0,3,6,9,2,8,1,]
10-20-0.012000-[6,8,2,7,1,3,5,0,9,4,]
10-5-0.002000-[6,2,0,5,8,4,9,7,3,1,]
10-4-0.002000-[3,8,4,9,0,5,7,1,6,2,]
10-4-0.003000-[2,4,8,3,0,9,7,5,1,6,]
10-18-0.011000-[1,6,8,2,7,9,3,5,0,4,]
10-9-0.006000-[0,2,5,8,6,9,3,1,4,7,]
10-4-0.002000-[4,6,3,0,7,5,2,9,1,8,]
10-3-0.002000-[7,5,2,8,1,3,9,6,4,0,]
10-9-0.006000-[1,5,7,2,0,8,4,9,3,6,]
10-7-0.004000-[2,5,8,1,3,6,9,7,0,4,]
10-4-0.002000-[3,8,6,2,0,5,1,4,9,7,]
10-2-0.000000-[8,0,3,6,9,7,1,4,2,5,]
10-54-0.025000-[8,5,0,2,9,6,3,7,4,1,]
10-7-0.004000-[3,6,2,9,5,0,8,4,7,1,]
10-32-0.018000-[1,8,5,7,9,0,2,4,6,3,]
10-9-0.006000-[2,5,8,6,0,3,1,4,7,9,]
10-15-0.010000-[5,7,1,4,0,8,3,9,6,2,]
10-4-0.003000-[4,2,9,6,1,5,8,0,7,3,]
10-11-0.006000-[3,6,2,9,5,0,8,4,7,1,]
10-3-0.001000-[0,5,7,4,1,8,2,9,6,3,]
10-17-0.009000-[8,4,7,3,0,9,1,5,2,6,]
10-72-0.038000-[4,0,7,3,6,8,1,5,9,2,]
10-5-0.003000-[3,7,2,4,9,0,8,5,1,6,]
10-20-0.012000-[5,8,2,0,3,6,9,1,4,7,]
10-2-0.001000-[4,0,7,3,6,8,1,5,9,2,]
10-39-0.027000-[5,9,2,0,3,6,8,1,4,7,]
10-9-0.006000-[5,7,0,4,8,1,3,6,2,9,]
10-33-0.021000-[9,5,2,8,3,0,7,1,4,6,]
10-17-0.013000-[4,7,1,6,2,0,8,3,5,9,]
10-10-0.006000-[1,8,2,7,9,3,5,0,4,6,]
10-2-0.002000-[6,2,0,7,4,8,5,9,1,3,]
10-7-0.005000-[4,7,3,0,6,1,9,5,8,2,]
10-4-0.003000-[3,7,4,1,9,0,6,8,2,5,]
10-31-0.019000-[3,6,8,1,4,7,0,2,9,5,]
10-25-0.014000-[1,9,7,2,4,8,0,5,3,6,]
10-17-0.010000-[1,4,6,8,3,7,0,2,5,9,]
10-22-0.013000-[4,1,5,9,2,6,8,3,7,0,]
10-11-0.007000-[9,2,8,3,1,7,5,0,6,4,]
10-5-0.003000-[2,7,9,0,5,1,4,6,8,3,]
10-41-0.026000-[3,5,2,9,6,0,7,4,1,8,]
10-27-0.019000-[7,4,1,8,6,3,0,2,9,5,]
10-18-0.012000-[4,7,3,0,2,8,6,9,1,5,]
10-22-0.013000-[2,0,5,8,4,9,7,3,1,6,]
10-58-0.041000-[3,8,2,9,1,6,4,0,7,5,]
10-20-0.011000-[3,5,8,2,9,7,1,4,6,0,]
10-35-0.023000-[4,9,0,5,3,1,7,2,8,6,]
10-3-0.002000-[3,1,4,8,0,9,7,5,2,6,]
10-34-0.020000-[9,7,4,1,3,0,6,8,2,5,]
10-2-0.001000-[8,3,0,4,7,9,6,2,5,1,]
10-12-0.007000-[0,5,3,9,6,8,2,4,1,7,]
10-1-0.001000-[5,7,1,4,0,8,3,9,6,2,]
10-7-0.004000-[2,5,8,0,3,6,9,7,1,4,]
10-11-0.007000-[8,1,9,2,5,7,0,3,6,4,]
10-8-0.005000-[3,5,7,9,1,6,8,0,2,4,]
10-6-0.004000-[1,3,8,6,4,9,0,5,7,2,]
10-12-0.007000-[9,4,1,3,8,6,2,0,5,7,]
10-14-0.010000-[6,8,0,4,1,5,2,9,7,3,]
10-1-0.001000-[7,0,3,6,9,5,8,1,4,2,]
10-6-0.004000-[6,1,5,2,9,7,4,8,3,0,]
10-12-0.007000-[2,9,3,6,8,1,5,7,0,4,]
10-1-0.000000-[2,0,5,8,4,9,7,3,1,6,]
10-8-0.005000-[0,9,6,4,7,1,8,2,5,3,]
10-3-0.003000-[3,8,4,7,0,2,5,1,6,9,]
10-2-0.002000-[6,3,5,0,8,4,2,7,9,1,]
10-13-0.009000-[8,6,4,2,0,9,7,5,3,1,]
10-14-0.007000-[0,9,4,6,8,2,7,1,3,5,]
10-5-0.004000-[4,7,9,0,2,5,8,6,1,3,]
10-11-0.008000-[4,9,5,3,1,6,8,2,0,7,]
10-2-0.001000-[9,4,2,5,8,1,7,0,3,6,]
10-56-0.033000-[3,0,6,8,1,7,4,2,9,5,]
10-30-0.017000-[8,6,2,0,5,1,4,9,7,3,]
10-7-0.005000-[6,3,1,8,4,9,7,5,2,0,]
10-17-0.008000-[4,0,3,8,6,1,9,2,5,7,]
10-70-0.039000-[0,5,8,4,9,7,3,1,6,2,]
10-9-0.004000-[8,5,2,4,7,0,3,9,6,1,]
10-32-0.014000-[8,1,4,2,0,9,7,5,3,6,]
10-8-0.005000-[3,7,4,1,5,9,6,0,2,8,]
10-11-0.005000-[0,6,8,1,5,9,2,4,7,3,]
10-2-0.002000-[5,8,6,0,3,1,9,7,2,4,]
10-14-0.007000-[7,0,4,8,1,3,6,2,9,5,]
10-1-0.000000-[9,2,4,1,7,0,6,3,5,8,]
10-6-0.002000-[1,9,7,2,4,8,0,5,3,6,]
10-4-0.002000-[6,2,9,5,0,8,4,7,1,3,]
10-17-0.007000-[4,2,7,9,1,3,0,6,8,5,]
10-11-0.005000-[3,1,8,5,2,9,7,0,4,6,]
10-18-0.008000-[0,5,3,9,6,8,2,4,1,7,]
10-34-0.016000-[7,2,4,9,1,8,5,3,6,0,]
10-32-0.019000-[7,4,0,3,8,6,2,9,5,1,]
10-10-0.006000-[2,9,7,4,1,3,0,6,8,5,]
10-20-0.011000-[1,6,8,2,7,9,3,5,0,4,]
10-1-0.001000-[5,1,8,0,3,6,9,2,4,7,]
10-8-0.005000-[8,4,2,7,9,1,5,0,6,3,]
10-8-0.004000-[8,1,4,2,0,9,7,5,3,6,]
10-34-0.022000-[9,6,3,0,2,7,5,1,8,4,]
10-57-0.030000-[5,0,9,4,6,8,2,7,1,3,]
10-33-0.018000-[0,2,8,6,9,3,1,4,7,5,]
10-32-0.014000-[3,7,4,8,0,9,1,5,2,6,]
10-4-0.002000-[0,5,3,6,9,7,1,4,2,8,]
10-11-0.006000-[2,4,1,8,5,9,6,3,0,7,]
10-6-0.003000-[6,2,5,8,4,0,3,9,7,1,]
10-39-0.020000-[2,8,1,7,4,6,9,0,5,3,]
10-7-0.004000-[4,2,9,3,6,8,1,5,7,0,]
10-9-0.005000-[6,0,5,7,1,3,8,2,4,9,]
10-3-0.001000-[1,8,6,2,9,7,4,0,3,5,]
10-1-0.000000-[9,4,2,5,8,1,7,0,3,6,]
10-3-0.001000-[5,7,0,4,8,1,3,6,2,9,]
10-5-0.002000-[0,5,7,4,1,8,2,9,6,3,]
10-10-0.005000-[4,7,9,0,2,5,8,6,1,3,]
10-6-0.003000-[3,5,7,9,1,6,2,0,8,4,]
10-20-0.011000-[2,9,3,8,0,4,6,1,5,7,]
10-2-0.001000-[0,6,4,7,1,8,5,2,9,3,]
10-6-0.003000-[4,6,3,0,7,1,8,5,2,9,]
10-11-0.006000-[1,8,0,7,4,2,9,6,3,5,]
10-12-0.007000-[2,9,3,6,8,1,5,7,0,4,]
10-7-0.004000-[3,8,2,9,1,6,4,0,7,5,]
10-11-0.009000-[4,7,3,8,6,2,0,5,1,9,]
10-6-0.004000-[0,3,6,9,7,4,1,8,2,5,]
10-22-0.014000-[3,7,4,2,0,9,6,8,5,1,]
10-8-0.006000-[5,8,6,0,3,1,4,7,9,2,]
10-13-0.007000-[0,6,4,1,7,9,2,8,5,3,]
10-7-0.004000-[0,7,5,1,6,9,3,8,4,2,]
10-42-0.023000-[0,8,4,9,7,3,1,6,2,5,]
10-24-0.013000-[6,2,5,7,0,3,8,4,1,9,]
10-10-0.006000-[9,6,1,5,2,0,7,4,8,3,]
10-45-0.026000-[9,6,1,3,8,0,7,4,2,5,]
10-4-0.002000-[4,6,8,3,1,7,9,2,0,5,]
10-33-0.023000-[6,2,5,8,4,0,3,9,7,1,]
10-4-0.002000-[6,4,2,0,8,3,1,9,7,5,]
10-6-0.004000-[8,2,0,7,1,4,6,9,3,5,]
10-13-0.011000-[4,7,1,3,9,0,8,5,2,6,]
10-5-0.003000-[1,8,4,9,0,3,5,7,2,6,]
10-11-0.007000-[5,7,9,1,3,8,0,2,4,6,]
10-6-0.004000-[3,6,9,2,4,7,0,8,1,5,]
10-1-0.001000-[6,8,0,4,1,5,2,9,7,3,]
10-2-0.002000-[5,8,2,0,7,1,4,6,9,3,]
10-12-0.011000-[6,9,2,0,8,4,7,1,3,5,]
10-39-0.029000-[0,7,5,1,6,9,3,8,4,2,]
10-8-0.006000-[7,0,3,6,9,5,8,1,4,2,]
10-8-0.005000-[9,5,2,0,7,3,8,6,4,1,]
10-19-0.012000-[9,3,5,2,8,1,4,7,0,6,]
10-23-0.017000-[5,2,8,1,4,7,9,6,3,0,]
10-15-0.011000-[9,2,0,3,6,8,1,4,7,5,]
10-29-0.027000-[5,3,8,0,2,6,9,7,1,4,]
10-21-0.012000-[7,4,1,8,6,3,0,2,5,9,]
10-22-0.012000-[2,5,3,9,0,8,4,7,1,6,]
10-10-0.006000-[5,2,8,3,7,9,1,6,4,0,]
10-35-0.022000-[1,4,7,5,8,2,0,3,6,9,]
10-29-0.016000-[9,4,6,1,3,7,0,8,5,2,]
10-48-0.030000-[7,4,6,0,9,1,5,2,8,3,]
10-15-0.011000-[5,7,0,4,8,1,3,6,2,9,]
10-9-0.005000-[7,4,1,8,6,3,0,2,9,5,]
10-18-0.011000-[3,0,6,8,1,7,4,2,9,5,]
10-12-0.008000-[4,1,3,9,6,8,5,2,0,7,]
10-5-0.002000-[2,7,9,0,5,1,4,6,8,3,]
10-14-0.009000-[0,5,8,2,7,3,1,9,4,6,]
10-1-0.001000-[7,0,4,8,1,3,6,2,9,5,]
10-7-0.005000-[3,6,8,5,1,9,0,2,4,7,]
10-14-0.007000-[5,8,4,9,0,3,1,7,2,6,]
10-13-0.007000-[2,9,5,1,8,4,0,7,3,6,]
10-5-0.003000-[5,2,8,3,7,9,1,6,4,0,]
10-12-0.006000-[8,1,9,2,5,7,0,3,6,4,]
10-16-0.009000-[0,9,6,4,7,1,8,2,5,3,]
10-2-0.001000-[3,1,7,5,8,0,4,6,9,2,]
10-7-0.004000-[5,3,6,0,7,4,1,8,2,9,]
10-1-0.000000-[9,1,4,7,0,2,5,8,6,3,]
10-4-0.002000-[3,5,9,4,1,7,2,6,8,0,]
10-43-0.024000-[5,3,6,0,7,4,1,8,2,9,]
10-7-0.004000-[0,5,7,2,6,8,1,4,9,3,]
10-19-0.014000-[0,2,5,7,9,4,8,1,3,6,]
10-3-0.001000-[7,0,4,8,1,3,6,2,9,5,]
10-12-0.008000-[0,3,6,9,2,8,1,4,7,5,]
10-2-0.001000-[0,5,7,9,3,8,2,4,6,1,]
10-20-0.011000-[9,6,3,0,2,7,5,1,8,4,]
10-3-0.003000-[0,3,5,8,2,9,7,1,4,6,]
10-3-0.002000-[4,7,1,6,2,0,8,3,5,9,]
10-20-0.011000-[9,0,5,3,1,7,2,8,6,4,]
10-43-0.027000-[4,0,8,3,5,7,9,1,6,2,]
10-19-0.014000-[3,6,8,5,1,9,0,2,4,7,]
10-23-0.011000-[4,0,3,8,6,1,9,2,5,7,]
10-36-0.022000-[3,6,8,1,4,7,0,2,9,5,]
10-12-0.007000-[8,2,4,1,7,9,6,3,5,0,]
10-5-0.002000-[6,3,0,7,5,2,9,1,4,8,]
10-11-0.008000-[2,9,6,4,0,8,5,7,1,3,]
10-3-0.002000-[6,1,5,8,0,9,4,2,7,3,]
10-19-0.012000-[5,8,6,1,7,2,0,3,9,4,]
10-17-0.010000-[9,3,1,4,7,0,2,5,8,6,]
10-4-0.003000-[0,3,9,6,8,2,4,1,7,5,]
10-13-0.011000-[5,7,4,1,8,6,3,0,2,9,]
10-14-0.008000-[3,1,8,5,9,6,0,2,4,7,]
10-8-0.010000-[1,4,8,0,9,3,6,2,7,5,]
10-48-0.043000-[3,6,2,5,1,9,0,8,4,7,]
10-50-0.031000-[9,6,4,1,7,0,2,8,5,3,]
10-100-0.062000-[5,8,2,0,3,7,9,1,6,4,]
10-3-0.002000-[3,1,7,4,8,0,5,9,2,6,]
10-25-0.017000-[2,5,7,0,3,6,9,1,8,4,]
10-10-0.006000-[4,7,1,8,5,2,0,3,6,9,]
10-4-0.002000-[9,6,3,0,2,7,5,1,8,4,]
10-35-0.023000-[4,9,0,5,3,1,7,2,8,6,]
10-8-0.005000-[4,9,0,5,3,1,7,2,8,6,]
10-23-0.014000-[7,5,8,2,0,3,6,9,1,4,]
10-25-0.018000-[8,2,0,6,9,5,1,4,7,3,]
10-25-0.015000-[9,6,3,0,2,7,5,1,8,4,]
10-13-0.007000-[0,5,3,6,9,2,8,1,4,7,]
10-28-0.022000-[0,7,5,2,8,1,3,9,6,4,]
10-1-0.000000-[1,5,7,2,0,8,4,9,3,6,]
10-39-0.023000-[5,3,9,0,4,1,7,2,6,8,]
10-7-0.003000-[3,8,2,7,9,0,5,1,4,6,]
10-1-0.000000-[4,1,7,9,2,8,5,3,0,6,]
10-13-0.008000-[4,2,7,9,1,3,0,6,8,5,]
10-6-0.004000-[2,5,3,9,0,8,4,7,1,6,]
10-32-0.020000-[3,0,6,8,1,7,4,2,9,5,]
10-9-0.004000-[5,2,8,3,7,9,1,6,4,0,]
10-2-0.001000-[1,3,9,6,8,5,2,0,7,4,]
10-9-0.004000-[1,4,9,7,0,3,6,2,5,8,]
10-3-0.001000-[3,7,4,2,0,9,1,5,8,6,]
10-12-0.013000-[3,7,4,2,0,9,1,5,8,6,]
10-7-0.005000-[4,8,0,3,1,7,9,6,2,5,]
10-39-0.024000-[8,5,3,6,0,7,1,4,2,9,]
10-11-0.008000-[3,5,0,9,6,4,7,1,8,2,]
10-5-0.004000-[6,8,2,0,9,7,4,1,3,5,]
10-26-0.017000-[6,0,2,5,7,9,4,8,1,3,]
10-5-0.003000-[5,7,9,1,3,8,0,2,4,6,]
10-17-0.011000-[8,3,0,4,9,1,5,7,2,6,]
10-18-0.013000-[7,4,1,9,2,6,8,3,5,0,]
10-38-0.023000-[6,8,1,5,0,2,4,7,9,3,]
10-25-0.015000-[0,7,4,1,8,2,9,6,3,5,]
10-15-0.007000-[3,5,0,9,6,4,7,1,8,2,]
10-19-0.012000-[1,7,5,8,2,0,3,6,4,9,]
10-5-0.003000-[6,4,7,0,3,5,8,1,9,2,]
10-16-0.010000-[9,5,3,0,6,8,1,7,4,2,]
10-13-0.009000-[2,5,8,4,7,0,3,1,6,9,]
10-1-0.001000-[4,6,1,5,7,0,3,8,2,9,]
10-2-0.001000-[3,7,2,8,6,9,0,5,1,4,]
10-14-0.009000-[7,0,3,8,6,9,2,5,1,4,]
10-38-0.025000-[1,5,2,6,9,7,4,0,3,8,]
10-22-0.014000-[2,5,3,9,0,8,4,7,1,6,]
10-11-0.007000-[8,3,0,4,7,9,6,2,5,1,]
10-11-0.007000-[3,6,9,2,4,7,0,8,5,1,]
10-17-0.011000-[3,7,2,4,6,9,0,5,1,8,]
10-2-0.001000-[4,7,1,3,9,0,8,5,2,6,]
10-6-0.004000-[0,6,8,1,5,9,2,4,7,3,]
10-11-0.007000-[3,9,4,2,8,6,1,7,5,0,]
10-15-0.010000-[5,7,1,6,0,2,4,8,3,9,]
10-13-0.006000-[4,2,5,8,1,7,0,3,6,9,]
10-29-0.018000-[3,0,6,9,5,1,8,4,2,7,]
10-10-0.007000-[8,0,3,6,9,7,1,4,2,5,]
10-5-0.003000-[0,4,7,9,2,6,1,3,5,8,]
10-25-0.015000-[8,4,2,7,3,6,0,9,1,5,]
10-4-0.004000-[7,4,6,0,9,1,5,2,8,3,]
10-42-0.027000-[8,5,3,9,0,4,1,7,2,6,]
10-9-0.005000-[7,2,0,9,4,8,5,3,1,6,]
10-28-0.018000-[7,4,2,0,6,9,5,8,1,3,]
10-14-0.007000-[8,5,3,6,0,7,1,4,2,9,]
10-5-0.003000-[4,1,7,9,2,8,5,3,0,6,]
10-1-0.001000-[9,6,3,0,8,1,5,7,2,4,]
10-51-0.030000-[7,5,8,1,4,0,3,6,9,2,]
10-4-0.002000-[7,4,2,0,9,1,5,8,6,3,]
10-2-0.001000-[2,5,8,0,7,3,1,6,4,9,]
10-4-0.003000-[7,4,0,5,8,1,3,6,9,2,]
10-16-0.010000-[7,4,1,9,6,3,0,8,5,2,]
10-10-0.006000-[5,8,4,7,0,3,1,6,9,2,]
10-70-0.042000-[5,3,6,9,2,8,1,4,7,0,]
10-14-0.010000-[9,5,2,0,3,6,8,1,4,7,]
10-1-0.001000-[2,4,1,7,9,6,3,0,8,5,]
10-7-0.005000-[8,4,7,3,0,9,1,5,2,6,]
10-28-0.018000-[0,5,7,9,3,8,2,4,6,1,]
10-5-0.005000-[6,8,5,2,0,7,4,1,3,9,]
10-2-0.001000-[8,1,4,9,7,0,3,6,2,5,]
10-16-0.007000-[5,7,1,3,0,8,4,2,9,6,]
10-9-0.005000-[3,0,4,7,9,2,6,8,1,5,]
10-24-0.017000-[4,0,7,5,2,8,1,3,9,6,]
10-6-0.002000-[4,8,1,5,7,2,0,3,6,9,]
10-29-0.025000-[0,5,3,8,6,2,9,1,4,7,]
10-12-0.008000-[3,7,4,2,9,6,1,5,8,0,]
10-3-0.002000-[6,8,3,0,4,9,1,5,7,2,]
10-4-0.002000-[7,2,8,3,9,0,5,1,4,6,]
10-25-0.015000-[6,4,9,0,5,3,1,7,2,8,]
10-24-0.014000-[5,2,8,3,7,9,1,6,4,0,]
10-1-0.001000-[3,6,8,1,5,0,2,4,7,9,]
10-19-0.012000-[2,7,3,6,8,1,4,0,5,9,]
10-1-0.001000-[3,8,2,7,9,0,5,1,4,6,]
10-13-0.008000-[2,7,1,6,0,9,4,8,5,3,]
10-11-0.005000-[9,7,1,3,0,6,8,5,2,4,]
10-12-0.007000-[9,5,0,4,1,8,6,3,7,2,]
10-4-0.002000-[6,1,9,5,0,8,4,2,7,3,]
10-38-0.025000-[2,9,6,4,0,8,5,7,1,3,]
10-21-0.015000-[2,5,9,4,1,8,6,3,0,7,]
10-3-0.002000-[5,2,6,3,0,7,9,4,1,8,]
10-45-0.028000-[7,5,1,6,4,0,8,3,9,2,]
10-3-0.002000-[7,4,1,9,0,5,3,8,6,2,]
10-16-0.009000-[5,9,1,4,7,3,0,2,8,6,]
10-6-0.003000-[4,1,5,2,9,6,8,3,0,7,]
10-14-0.007000-[1,9,7,2,4,8,0,5,3,6,]
10-27-0.019000-[3,0,4,7,9,2,6,8,1,5,]
10-10-0.006000-[0,9,4,6,8,2,7,1,3,5,]
10-8-0.004000-[2,7,5,1,8,4,0,3,9,6,]
10-25-0.015000-[7,0,2,5,8,6,9,3,1,4,]
10-15-0.009000-[0,7,4,1,8,2,9,6,3,5,]
10-11-0.007000-[5,8,0,3,6,9,7,1,4,2,]
10-2-0.001000-[9,5,3,8,0,2,6,1,7,4,]
10-31-0.019000-[6,1,9,5,0,8,4,2,7,3,]
10-1-0.001000-[3,5,8,4,9,0,2,7,1,6,]
10-18-0.013000-[5,8,6,0,3,1,4,7,9,2,]
10-2-0.001000-[7,5,3,0,6,4,9,1,8,2,]
10-23-0.014000-[6,2,9,5,1,8,4,0,7,3,]
10-11-0.008000-[0,9,6,4,7,1,8,2,5,3,]
10-11-0.013000-[8,5,2,6,3,0,7,9,4,1,]
10-16-0.010000-[3,5,0,8,6,2,7,1,4,9,]
10-6-0.004000-[3,9,7,4,2,0,6,1,5,8,]
10-8-0.005000-[7,4,6,0,9,1,5,2,8,3,]
10-1-0.001000-[3,7,4,1,9,0,6,8,2,5,]
10-6-0.003000-[5,7,4,0,3,8,6,2,9,1,]
10-5-0.003000-[7,5,1,6,0,3,8,4,2,9,]
10-13-0.007000-[2,8,5,9,1,6,0,3,7,4,]
10-2-0.001000-[8,2,7,1,3,5,0,9,4,6,]
10-7-0.005000-[3,0,6,8,1,7,4,2,9,5,]
10-3-0.002000-[8,4,7,3,0,9,1,5,2,6,]
10-28-0.015000-[1,4,8,0,9,3,6,2,7,5,]
10-15-0.010000-[1,5,2,6,9,7,4,0,3,8,]
10-10-0.005000-[4,6,0,9,5,8,2,7,3,1,]
10-64-0.036000-[0,4,7,9,6,3,1,8,5,2,]
10-7-0.004000-[3,1,7,2,8,6,4,9,0,5,]
10-21-0.014000-[1,5,8,6,9,0,2,4,7,3,]
10-4-0.003000-[4,7,1,6,2,5,8,0,9,3,]
10-7-0.005000-[5,2,8,3,7,9,1,6,4,0,]
10-7-0.005000-[6,8,2,0,9,7,4,1,3,5,]
10-20-0.013000-[6,1,5,0,9,4,2,8,3,7,]
10-26-0.019000-[8,6,4,2,0,9,7,5,3,1,]
10-18-0.012000-[6,3,1,8,5,2,9,7,0,4,]
10-4-0.003000-[6,8,2,5,1,9,4,0,7,3,]
10-10-0.006000-[3,0,4,7,9,2,6,8,1,5,]
10-3-0.001000-[9,6,0,3,1,7,5,8,2,4,]
10-12-0.008000-[3,7,4,8,0,9,6,2,5,1,]
10-4-0.002000-[5,1,9,7,3,8,0,2,4,6,]
10-33-0.025000-[1,4,9,7,0,3,6,2,5,8,]
10-6-0.004000-[8,1,3,7,0,2,5,9,6,4,]
10-32-0.019000-[7,2,8,3,9,0,5,1,4,6,]
10-2-0.001000-[2,9,6,4,0,8,5,7,1,3,]
10-31-0.018000-[9,3,0,4,8,1,5,7,2,6,]
10-13-0.009000-[6,4,1,7,9,2,8,5,3,0,]
10-31-0.019000-[9,4,6,0,3,1,7,5,8,2,]
10-6-0.003000-[8,3,5,2,9,6,0,7,4,1,]
10-17-0.011000-[4,6,8,2,7,3,0,9,1,5,]
10-6-0.006000-[3,6,8,1,4,7,0,2,9,5,]
10-20-0.010000-[5,8,2,0,3,7,9,1,6,4,]
10-5-0.004000-[0,5,9,2,6,8,3,1,4,7,]
10-31-0.018000-[3,1,4,8,0,9,7,5,2,6,]
10-15-0.010000-[4,2,9,5,3,8,0,7,1,6,]
10-1-0.001000-[7,5,2,8,1,3,9,6,4,0,]
10-30-0.017000-[0,4,9,5,8,1,3,6,2,7,]
10-5-0.002000-[4,0,7,3,6,8,1,5,9,2,]
10-61-0.039000-[4,9,5,3,1,6,8,2,0,7,]
10-7-0.004000-[0,8,6,2,7,1,4,9,5,3,]
10-9-0.006000-[7,2,0,6,1,9,5,3,8,4,]
10-10-0.037000-[2,5,7,0,3,6,9,1,8,4,]
10-3-0.002000-[5,3,6,0,7,4,1,8,2,9,]
10-12-0.006000-[3,5,7,9,1,6,2,0,8,4,]
10-18-0.014000-[6,1,3,7,9,4,8,5,0,2,]
10-32-0.021000-[4,0,8,5,2,6,9,7,1,3,]
10-46-0.031000-[7,2,6,3,1,8,5,9,4,0,]
10-5-0.002000-[9,4,1,7,2,6,8,0,5,3,]
10-7-0.004000-[1,8,5,2,9,3,0,7,4,6,]
10-33-0.014000-[0,3,8,6,9,2,5,1,4,7,]
10-15-0.008000-[1,9,7,2,4,8,0,5,3,6,]
10-6-0.005000-[2,5,9,6,1,3,7,0,4,8,]
10-18-0.011000-[1,6,9,3,0,7,4,2,5,8,]
10-32-0.021000-[4,6,8,0,2,7,9,1,3,5,]
10-21-0.014000-[0,2,5,8,6,9,3,1,7,4,]
10-2-0.001000-[0,7,5,1,8,6,3,9,2,4,]
10-37-0.024000-[9,3,5,8,2,0,7,1,4,6,]
10-11-0.006000-[4,2,9,5,3,8,0,7,1,6,]
10-15-0.009000-[1,3,8,6,4,9,0,5,7,2,]
10-10-0.008000-[7,4,0,5,8,1,3,6,9,2,]
10-4-0.003000-[4,6,0,3,5,8,2,9,7,1,]
10-32-0.020000-[1,7,9,3,0,4,8,5,2,6,]
10-31-0.017000-[1,7,2,8,6,4,9,0,5,3,]
10-14-0.008000-[3,0,6,9,5,1,8,4,2,7,]
10-27-0.016000-[7,4,2,0,6,9,5,8,1,3,]
10-11-0.006000-[8,4,1,9,2,5,7,0,3,6,]
10-1-0.001000-[4,2,8,6,9,1,5,7,0,3,]
10-16-0.010000-[4,9,7,0,2,8,6,1,3,5,]
10-44-0.027000-[8,2,4,1,7,9,6,3,5,0,]
10-19-0.012000-[5,2,8,3,7,4,1,9,0,6,]
10-7-0.005000-[3,7,9,4,1,5,0,2,6,8,]
10-30-0.022000-[1,4,8,0,9,3,6,2,7,5,]
10-8-0.005000-[4,2,5,9,6,3,0,7,1,8,]
10-6-0.003000-[6,9,2,0,8,4,7,1,3,5,]
10-14-0.007000-[7,0,3,8,6,9,2,5,1,4,]
10-3-0.002000-[0,3,6,9,2,8,1,4,7,5,]
10-4-0.004000-[4,7,5,2,9,1,6,8,3,0,]
10-17-0.010000-[9,4,2,5,8,1,7,0,3,6,]
10-22-0.013000-[7,5,8,2,0,3,6,9,1,4,]
10-23-0.012000-[6,2,5,7,0,4,8,1,3,9,]
10-6-0.002000-[5,2,4,1,7,9,6,3,0,8,]
10-24-0.014000-[3,5,0,9,6,4,7,1,8,2,]
10-5-0.003000-[9,2,4,8,3,0,6,1,5,7,]
10-6-0.004000-[6,2,9,1,8,5,3,0,7,4,]
10-43-0.031000-[2,5,8,1,7,0,3,6,4,9,]
10-16-0.015000-[6,1,5,0,9,4,2,8,3,7,]
10-63-0.046000-[7,2,4,8,0,5,9,6,1,3,]
10-4-0.003000-[5,7,1,4,0,8,3,9,6,2,]
10-4-0.003000-[2,5,8,6,0,3,1,4,7,9,]
10-3-0.002000-[0,8,6,2,7,1,4,9,5,3,]
10-25-0.020000-[3,7,4,1,9,0,6,8,2,5,]
10-9-0.010000-[4,2,9,5,1,8,6,3,7,0,]
10-14-0.009000-[5,3,1,7,2,8,6,4,9,0,]
10-3-0.003000-[4,2,9,5,3,8,0,7,1,6,]
10-34-0.021000-[0,2,5,7,9,4,8,1,3,6,]
10-14-0.013000-[0,9,6,4,7,1,8,2,5,3,]
10-11-0.015000-[0,6,8,1,7,4,2,9,5,3,]
10-29-0.024000-[9,2,4,8,3,0,6,1,5,7,]
10-2-0.001000-[4,2,8,6,1,3,0,9,7,5,]
10-9-0.007000-[2,5,8,4,7,0,3,1,6,9,]
10-5-0.004000-[6,2,9,5,0,8,4,7,1,3,]
10-6-0.004000-[9,1,3,8,6,2,0,5,7,4,]
10-1-0.001000-[8,4,2,7,9,1,5,0,6,3,]
10-8-0.005000-[3,5,0,8,6,2,7,1,4,9,]
10-5-0.004000-[2,5,8,0,3,6,9,1,4,7,]
10-50-0.034000-[4,6,9,5,2,0,7,3,1,8,]
10-1-0.001000-[0,3,8,6,9,2,5,1,4,7,]
10-22-0.015000-[0,5,7,2,6,8,1,4,9,3,]
10-3-0.002000-[0,3,6,9,7,4,1,8,2,5,]
10-18-0.014000-[4,2,7,5,1,8,0,3,6,9,]
10-13-0.010000-[4,6,8,2,7,3,0,9,1,5,]
10-32-0.021000-[0,5,8,2,7,3,1,9,4,6,]
10-5-0.004000-[1,6,9,3,0,7,4,2,5,8,]
10-51-0.039000-[3,5,0,9,6,4,7,1,8,2,]
10-9-0.008000-[8,1,3,0,6,9,5,2,4,7,]
10-2-0.001000-[7,2,4,9,1,8,5,3,6,0,]
10-1-0.001000-[0,8,6,2,7,1,4,9,5,3,]
10-9-0.007000-[4,2,7,3,6,0,9,1,5,8,]
10-43-0.059000-[9,2,4,8,3,0,6,1,5,7,]
10-22-0.017000-[8,4,7,3,0,9,1,5,2,6,]
10-21-0.021000-[2,5,9,6,1,3,7,0,4,8,]
10-10-0.031000-[0,5,7,4,1,8,2,9,6,3,]
10-12-0.015000-[7,5,0,2,6,8,3,1,4,9,]
10-45-0.040000-[6,2,7,1,4,0,9,3,5,8,]
10-21-0.028000-[7,0,3,1,9,5,8,2,4,6,]
10-25-0.022000-[4,2,9,6,1,5,8,0,7,3,]
10-10-0.008000-[5,1,9,6,8,2,0,3,7,4,]
10-6-0.004000-[0,5,8,4,9,7,3,1,6,2,]
10-47-0.046000-[7,4,2,9,6,3,0,8,1,5,]
10-3-0.002000-[4,1,7,9,6,2,0,8,3,5,]
10-4-0.003000-[7,5,0,2,6,8,3,1,4,9,]
10-19-0.030000-[7,5,0,2,6,8,3,1,4,9,]
10-4-0.002000-[3,1,7,9,0,2,5,8,6,4,]
10-8-0.016000-[3,6,8,1,5,0,2,4,7,9,]
10-5-0.005000-[5,8,2,0,7,1,4,6,9,3,]
10-11-0.009000-[1,7,9,3,0,4,8,5,2,6,]
10-1-0.001000-[5,3,1,9,7,2,0,8,6,4,]
10-91-0.087000-[6,8,2,7,1,3,5,0,9,4,]
10-3-0.006000-[4,7,3,0,6,1,9,5,8,2,]
10-20-0.016000-[8,4,2,7,3,6,0,9,1,5,]
10-3-0.008000-[9,5,2,8,3,0,7,1,4,6,]
10-11-0.009000-[6,1,3,5,8,4,9,0,2,7,]
10-18-0.014000-[4,2,8,5,9,1,6,0,3,7,]
10-54-0.040000-[2,7,1,6,0,9,4,8,5,3,]
10-15-0.010000-[0,5,8,2,7,3,1,9,4,6,]
10-12-0.007000-[3,9,4,1,8,6,2,7,5,0,]
10-8-0.005000-[3,9,6,4,1,7,0,2,8,5,]
10-8-0.006000-[8,1,9,2,5,7,0,3,6,4,]
10-4-0.003000-[1,3,9,6,8,5,2,0,7,4,]
10-27-0.018000-[5,3,6,9,2,4,7,0,8,1,]
10-1-0.000000-[2,5,8,1,7,0,3,6,4,9,]
10-2-0.000000-[6,8,0,4,1,5,2,9,7,3,]
10-1-0.001000-[2,7,5,8,0,9,4,6,1,3,]
10-3-0.002000-[5,3,0,6,8,1,7,4,2,9,]
10-8-0.007000-[4,7,5,8,2,0,3,6,9,1,]
10-8-0.006000-[6,9,2,0,8,4,7,1,3,5,]
10-7-0.005000-[2,8,1,9,4,6,0,3,5,7,]
10-25-0.023000-[6,3,1,4,8,5,9,2,0,7,]
10-32-0.036000-[0,5,7,4,1,8,2,9,6,3,]
10-1-0.002000-[5,1,9,7,3,8,0,2,4,6,]
10-3-0.003000-[7,4,0,5,8,1,3,6,2,9,]
10-27-0.018000-[5,8,1,9,7,2,0,3,6,4,]
10-4-0.003000-[0,6,3,5,8,1,9,4,2,7,]
10-2-0.001000-[7,5,3,0,6,4,9,1,8,2,]
10-7-0.004000-[3,8,2,7,9,0,5,1,4,6,]
10-19-0.013000-[3,1,6,4,9,0,8,5,7,2,]
10-21-0.015000-[7,5,0,2,6,8,3,1,4,9,]
10-25-0.020000-[5,2,0,9,7,4,1,3,8,6,]
10-17-0.012000-[5,2,4,7,0,8,3,1,6,9,]
10-14-0.008000-[9,0,3,5,2,8,1,7,4,6,]
10-27-0.022000-[4,0,7,3,6,8,1,5,9,2,]
10-13-0.010000-[5,0,6,9,7,2,8,3,1,4,]
10-5-0.003000-[9,5,3,8,0,2,6,1,7,4,]
10-47-0.034000-[3,7,2,8,6,9,0,5,1,4,]
10-25-0.018000-[1,4,6,8,3,7,0,2,5,9,]
10-5-0.004000-[2,5,8,1,3,6,9,7,4,0,]
10-39-0.033000-[2,6,1,9,7,5,3,8,0,4,]
10-16-0.013000-[6,1,5,0,9,4,2,8,3,7,]
10-40-0.043000-[6,2,5,7,9,0,8,4,1,3,]
10-19-0.015000-[1,5,7,2,6,3,9,0,8,4,]
10-51-0.036000-[6,9,3,0,4,8,1,5,7,2,]
10-1-0.001000-[1,6,9,3,0,7,4,2,5,8,]
10-6-0.004000-[3,7,9,4,1,5,0,2,6,8,]
10-61-0.042000-[3,1,6,4,9,0,8,5,7,2,]
10-71-0.057000-[1,4,7,0,6,9,2,5,3,8,]
10-5-0.004000-[6,4,0,5,8,2,7,3,1,9,]
10-50-0.044000-[5,2,8,6,0,9,1,4,7,3,]
10-2-0.002000-[9,3,6,0,2,8,5,7,4,1,]
10-2-0.001000-[2,4,8,1,9,6,3,0,7,5,]
10-2-0.002000-[3,9,6,1,5,2,0,7,4,8,]
10-10-0.007000-[4,1,7,9,2,8,5,3,0,6,]
10-12-0.009000-[7,5,2,9,1,6,8,3,0,4,]
10-36-0.027000-[5,7,0,3,6,9,1,8,4,2,]
10-16-0.012000-[6,8,3,1,4,7,9,0,2,5,]
10-4-0.002000-[2,9,6,3,1,8,5,0,4,7,]
10-26-0.018000-[1,7,5,8,2,0,3,6,4,9,]
10-6-0.004000-[7,4,0,3,8,6,2,9,5,1,]
10-17-0.010000-[6,2,5,1,9,0,8,4,7,3,]
10-1-0.001000-[9,6,3,0,7,1,8,5,2,4,]
10-28-0.025000-[5,7,0,3,8,4,1,9,2,6,]
10-26-0.024000-[9,4,1,3,8,6,2,0,5,7,]
10-5-0.006000-[5,0,6,1,7,2,8,3,9,4,]
10-16-0.015000-[3,5,0,8,6,2,7,1,4,9,]
10-8-0.006000-[7,5,1,8,0,3,6,9,2,4,]
10-3-0.002000-[5,3,8,0,2,6,9,7,1,4,]
10-6-0.004000-[2,4,8,3,9,6,1,5,7,0,]
10-10-0.007000-[3,5,7,1,4,0,8,6,9,2,]
10-3-0.003000-[2,9,3,6,8,1,5,7,0,4,]
10-12-0.008000-[2,5,7,0,3,6,9,1,8,4,]
10-12-0.010000-[2,4,1,7,9,6,3,0,8,5,]
10-31-0.021000-[5,0,2,9,7,1,3,8,6,4,]
10-3-0.001000-[3,0,7,9,1,5,2,8,6,4,]
10-7-0.005000-[0,7,5,1,8,6,3,9,2,4,]
10-5-0.003000-[5,9,2,0,7,4,1,8,6,3,]
10-12-0.008000-[9,1,4,8,3,0,7,5,2,6,]
10-28-0.019000-[3,5,2,9,6,4,1,8,0,7,]
10-42-0.032000-[1,6,4,7,0,3,9,2,5,8,]
10-6-0.004000-[0,5,7,4,1,8,2,9,6,3,]
10-9-0.006000-[3,1,6,4,9,0,8,5,7,2,]
10-34-0.022000-[3,5,8,2,0,7,1,4,6,9,]
10-46-0.032000-[4,7,1,6,2,5,8,0,9,3,]
10-49-0.033000-[3,7,0,8,5,1,6,9,2,4,]
10-3-0.002000-[3,1,6,9,5,0,8,4,2,7,]
10-8-0.006000-[6,2,9,5,0,8,4,7,1,3,]
10-2-0.003000-[7,4,1,9,2,6,8,3,5,0,]
10-8-0.006000-[3,7,0,4,8,1,5,9,2,6,]
10-81-0.046000-[7,4,1,9,6,3,0,8,5,2,]
10-11-0.006000-[7,4,1,3,8,6,2,9,5,0,]
10-5-0.003000-[8,2,0,7,1,4,6,9,3,5,]
10-12-0.007000-[9,3,5,8,2,0,7,1,4,6,]
10-76-0.047000-[4,2,7,3,6,0,9,1,5,8,]
10-5-0.004000-[7,5,1,6,4,0,8,3,9,2,]
10-37-0.025000-[0,6,1,5,7,9,3,8,2,4,]
10-7-0.004000-[7,5,3,0,6,4,9,1,8,2,]
10-9-0.007000-[3,7,4,2,9,6,1,5,8,0,]
10-11-0.007000-[8,6,2,0,5,1,4,9,7,3,]
10-3-0.002000-[7,4,1,9,2,6,8,3,5,0,]
10-7-0.004000-[3,6,4,2,0,9,7,5,8,1,]
10-40-0.030000-[9,3,6,4,1,8,0,5,7,2,]
10-22-0.011000-[8,4,1,9,2,5,7,0,3,6,]
10-16-0.007000-[2,4,1,7,9,6,3,0,8,5,]
10-2-0.000000-[1,8,0,7,4,2,9,6,3,5,]
10-12-0.007000-[3,1,9,5,8,4,7,0,2,6,]
10-5-0.003000-[7,1,4,0,8,3,9,6,2,5,]
10-7-0.004000-[1,4,7,5,8,2,0,6,3,9,]
10-37-0.024000-[2,7,5,8,0,9,4,6,1,3,]
10-9-0.006000-[3,6,9,1,4,7,0,2,5,8,]
10-4-0.002000-[4,2,8,3,1,7,9,6,0,5,]
10-18-0.010000-[3,0,7,5,1,9,6,8,2,4,]
10-7-0.004000-[2,4,1,8,5,9,6,3,0,7,]
10-3-0.002000-[5,9,2,0,3,6,8,1,4,7,]
10-20-0.011000-[9,3,6,4,1,8,0,5,7,2,]
10-28-0.018000-[3,0,6,8,1,7,4,2,9,5,]
10-12-0.008000-[0,2,5,8,6,9,3,1,7,4,]
10-25-0.016000-[2,6,1,7,5,0,9,4,8,3,]
10-47-0.028000-[3,9,7,4,2,0,5,1,8,6,]
10-3-0.001000-[5,7,9,1,3,8,0,2,4,6,]
10-7-0.005000-[8,3,1,7,2,0,6,4,9,5,]
10-5-0.004000-[1,3,5,7,9,0,2,4,6,8,]
10-3-0.002000-[6,8,2,4,1,9,5,3,0,7,]
10-21-0.015000-[4,8,0,2,6,1,9,7,5,3,]
10-21-0.012000-[7,0,4,8,1,3,6,2,9,5,]
10-27-0.017000-[9,4,2,0,6,1,7,5,3,8,]
10-9-0.006000-[0,5,9,2,6,8,3,1,4,7,]
10-1-0.001000-[5,9,2,0,7,4,1,8,6,3,]
10-4-0.003000-[6,4,2,0,8,3,1,9,7,5,]
10-53-0.033000-[3,8,4,2,0,9,6,1,5,7,]
10-23-0.017000-[4,1,3,9,6,8,5,2,0,7,]
10-19-0.014000-[6,3,7,0,4,8,1,5,9,2,]
10-7-0.004000-[2,6,8,3,0,4,9,1,5,7,]
10-13-0.007000-[2,5,8,1,7,0,3,6,4,9,]
10-7-0.004000-[0,5,7,2,6,8,1,4,9,3,]
10-12-0.008000-[0,6,1,5,7,9,3,8,2,4,]
10-39-0.024000-[2,7,3,6,8,1,4,0,5,9,]
10-11-0.007000-[2,9,5,1,8,6,3,7,0,4,]
10-16-0.009000-[7,0,3,1,9,5,8,2,4,6,]
10-21-0.011000-[2,5,8,1,7,0,3,6,4,9,]
10-2-0.001000-[3,8,4,9,0,5,7,1,6,2,]
10-38-0.021000-[3,8,2,9,1,6,4,0,7,5,]
10-15-0.007000-[7,4,0,5,8,1,3,6,2,9,]
10-16-0.010000-[7,2,4,9,1,8,5,3,6,0,]
10-15-0.009000-[1,3,5,7,9,0,2,4,6,8,]
10-4-0.002000-[0,3,6,9,7,4,1,8,2,5,]
10-2-0.001000-[6,0,3,5,8,2,9,7,1,4,]
10-47-0.027000-[2,9,1,8,5,3,0,7,4,6,]
10-7-0.005000-[0,7,5,2,8,1,4,9,3,6,]
10-22-0.014000-[4,7,5,2,9,1,6,8,3,0,]
10-21-0.013000-[8,4,2,7,9,1,5,0,6,3,]
10-6-0.003000-[4,2,8,5,9,1,6,0,3,7,]
10-4-0.002000-[0,7,3,8,6,2,9,5,1,4,]
10-18-0.012000-[4,6,8,2,5,1,9,7,0,3,]
10-2-0.001000-[4,9,5,3,1,7,2,8,6,0,]
10-19-0.012000-[5,8,4,0,7,3,1,6,2,9,]
10-2-0.001000-[3,5,8,4,9,0,6,1,7,2,]
10-7-0.004000-[4,9,3,0,2,7,1,6,8,5,]
10-11-0.007000-[2,5,8,6,0,3,1,4,7,9,]
10-6-0.004000-[4,7,3,0,6,1,9,5,8,2,]
10-7-0.005000-[1,5,2,6,9,7,4,0,3,8,]
10-15-0.008000-[0,6,8,5,2,9,7,4,1,3,]
10-11-0.007000-[3,7,9,2,5,1,4,0,8,6,]
10-10-0.006000-[6,3,9,4,8,0,2,7,5,1,]
10-2-0.002000-[1,8,6,9,3,0,4,7,5,2,]
10-5-0.004000-[8,6,1,3,5,0,9,4,2,7,]
10-8-0.005000-[2,5,7,9,0,8,4,1,3,6,]
10-10-0.006000-[2,5,8,0,9,4,6,1,3,7,]
10-4-0.003000-[7,4,0,5,8,1,3,6,9,2,]
10-27-0.018000-[0,7,5,2,8,1,4,9,3,6,]
10-57-0.035000-[1,6,4,2,8,3,9,7,5,0,]
10-8-0.005000-[8,4,2,7,3,6,0,9,1,5,]
10-5-0.005000-[8,1,5,0,9,6,4,2,7,3,]
10-2-0.003000-[2,5,9,4,1,8,6,3,7,0,]
10-5-0.003000-[3,8,4,9,0,5,7,1,6,2,]
10-4-0.002000-[6,3,5,7,9,0,2,4,1,8,]
10-12-0.006000-[6,8,2,0,3,7,4,1,9,5,]
10-11-0.006000-[6,2,5,1,9,0,8,4,7,3,]
10-13-0.008000-[9,3,0,4,8,1,5,7,2,6,]
10-1-0.001000-[3,1,6,9,5,0,8,4,2,7,]
10-4-0.002000-[0,5,3,6,9,7,1,4,2,8,]
10-50-0.030000-[6,2,9,1,8,5,3,0,7,4,]
10-3-0.002000-[4,8,0,9,6,2,7,1,3,5,]
10-22-0.014000-[6,0,5,7,1,3,8,2,4,9,]
10-15-0.010000-[9,4,6,1,3,7,0,8,5,2,]
10-3-0.003000-[2,7,5,1,9,4,0,3,8,6,]
10-3-0.002000-[3,9,2,5,8,1,7,4,6,0,]
10-13-0.008000-[4,9,3,0,2,7,1,6,8,5,]
10-19-0.013000-[0,3,6,9,1,8,4,2,7,5,]
10-6-0.003000-[9,4,1,3,8,6,2,0,5,7,]
10-17-0.011000-[0,5,7,2,6,8,1,4,9,3,]
10-5-0.004000-[3,7,4,2,9,5,1,8,6,0,]
10-3-0.002000-[3,8,2,5,1,9,0,6,4,7,]
10-11-0.007000-[6,4,1,7,9,2,8,5,3,0,]
10-4-0.005000-[4,8,0,2,6,1,9,7,5,3,]
10-11-0.007000-[7,0,3,8,6,9,2,5,1,4,]
10-39-0.026000-[7,4,1,3,8,6,2,9,5,0,]
10-17-0.009000-[5,0,6,1,7,2,8,3,9,4,]
10-17-0.010000-[6,0,3,5,8,2,9,7,1,4,]
10-8-0.005000-[5,7,1,6,0,2,4,8,3,9,]
10-8-0.005000-[7,3,1,6,4,9,0,8,5,2,]
10-9-0.006000-[6,4,0,5,8,2,7,3,1,9,]
10-5-0.004000-[1,7,2,8,6,4,9,0,5,3,]
10-16-0.009000-[9,4,6,1,3,7,0,8,5,2,]
10-17-0.011000-[2,9,5,1,8,6,3,7,0,4,]
10-44-0.028000-[0,3,6,9,7,4,1,8,2,5,]
10-1-0.001000-[9,7,4,1,3,0,6,8,2,5,]
10-33-0.020000-[8,6,4,2,0,9,7,5,3,1,]
10-1-0.000000-[4,6,0,5,7,1,3,8,2,9,]
10-5-0.003000-[1,5,7,2,0,8,4,9,3,6,]
10-3-0.002000-[2,5,8,6,1,3,7,0,4,9,]
10-26-0.016000-[3,7,2,4,8,0,5,9,6,1,]
10-6-0.004000-[8,5,3,1,6,2,9,7,4,0,]
10-1-0.001000-[9,1,5,0,2,6,8,3,7,4,]
10-4-0.003000-[5,9,1,4,7,3,0,2,8,6,]
10-17-0.010000-[0,3,6,9,1,8,4,2,7,5,]
10-30-0.018000-[6,4,2,0,8,3,1,9,7,5,]
10-17-0.011000-[3,7,2,4,6,9,0,5,1,8,]
10-3-0.001000-[4,0,8,5,2,6,9,7,1,3,]
10-9-0.004000-[0,5,7,1,6,8,2,4,9,3,]
10-35-0.020000-[6,0,9,1,4,7,3,8,2,5,]
10-26-0.017000-[6,2,9,1,8,5,3,0,7,4,]
10-10-0.007000-[6,9,3,1,8,2,5,7,0,4,]
10-25-0.015000-[9,6,0,3,1,7,5,8,2,4,]
10-23-0.015000-[5,3,6,0,7,4,1,8,2,9,]
10-12-0.008000-[5,3,6,9,7,2,0,8,1,4,]
10-76-0.049000-[9,6,3,0,7,1,8,5,2,4,]
10-37-0.026000-[0,7,5,2,8,1,4,9,3,6,]
10-6-0.003000-[0,7,5,8,2,9,3,6,4,1,]
10-16-0.011000-[4,6,3,0,7,5,2,9,1,8,]
10-24-0.017000-[3,8,4,1,9,0,5,7,2,6,]
10-8-0.005000-[2,4,1,8,5,9,6,3,0,7,]
10-14-0.010000-[4,9,0,5,3,1,7,2,8,6,]
10-34-0.025000-[1,7,9,2,8,5,3,0,6,4,]
10-3-0.002000-[7,2,6,3,1,8,5,9,4,0,]
10-11-0.006000-[5,7,4,0,3,8,6,2,9,1,]
10-3-0.002000-[2,5,8,4,7,0,3,1,6,9,]
10-12-0.008000-[8,1,3,7,0,2,5,9,6,4,]
10-41-0.025000-[2,5,8,4,7,0,3,1,6,9,]
10-21-0.012000-[6,3,7,0,4,9,1,5,2,8,]
10-3-0.001000-[2,9,6,8,0,4,1,7,5,3,]
10-2-0.001000-[7,0,4,8,1,5,9,2,6,3,]
10-6-0.003000-[1,5,7,2,0,8,4,9,3,6,]
10-21-0.013000-[5,2,8,1,4,7,9,6,3,0,]
10-14-0.009000-[0,5,3,6,9,2,8,1,4,7,]
10-11-0.007000-[2,5,8,1,3,6,9,7,4,0,]
10-1-0.001000-[1,5,2,6,9,0,8,4,7,3,]
10-16-0.010000-[6,8,2,0,9,7,4,1,3,5,]
10-6-0.004000-[0,2,5,8,6,9,3,1,7,4,]
10-8-0.004000-[6,3,0,8,5,2,9,7,4,1,]
10-19-0.010000-[4,0,7,3,6,8,1,5,9,2,]
10-19-0.012000-[5,3,0,4,7,9,2,6,8,1,]
10-33-0.020000-[9,3,1,8,2,5,7,0,4,6,]
10-15-0.008000-[4,6,8,2,7,1,3,5,0,9,]
10-7-0.005000-[2,9,3,8,0,4,6,1,5,7,]
10-40-0.024000-[6,9,2,4,8,0,3,1,7,5,]
10-4-0.003000-[9,2,4,7,1,8,5,0,6,3,]
10-1-0.001000-[3,9,0,8,5,2,6,1,7,4,]
10-1-0.001000-[8,5,2,4,1,7,9,3,6,0,]
10-25-0.016000-[0,6,4,1,7,9,2,8,5,3,]
10-5-0.004000-[4,2,9,6,3,0,8,1,5,7,]
10-9-0.004000-[1,6,9,5,2,0,3,7,4,8,]
10-4-0.003000-[9,2,4,8,3,0,6,1,5,7,]
10-4-0.003000-[0,4,7,9,2,6,1,3,5,8,]
10-4-0.002000-[4,7,1,6,9,2,0,8,3,5,]
10-14-0.008000-[3,0,6,9,5,1,8,4,2,7,]
10-11-0.008000-[6,2,5,7,0,3,8,4,1,9,]
10-86-0.055000-[5,3,1,6,8,2,0,7,9,4,]
10-8-0.006000-[4,9,3,0,2,8,6,1,7,5,]
10-21-0.013000-[7,4,0,5,8,1,3,6,9,2,]
10-7-0.004000-[0,2,5,8,6,9,3,1,7,4,]
10-4-0.003000-[4,2,9,3,6,8,1,5,7,0,]
10-19-0.013000-[5,2,8,6,0,9,1,4,7,3,]
10-46-0.024000-[2,4,8,3,5,9,1,6,0,7,]
10-9-0.004000-[2,9,6,3,1,8,5,0,4,7,]
10-5-0.004000-[6,0,7,4,1,8,2,5,3,9,]
10-35-0.017000-[0,3,8,6,1,9,2,5,7,4,]
10-58-0.037000-[5,7,4,1,8,6,3,0,2,9,]
10-1-0.001000-[4,6,1,5,7,0,3,8,2,9,]
10-27-0.017000-[1,5,2,6,9,7,4,0,3,8,]
10-26-0.017000-[5,8,0,3,6,9,7,1,4,2,]
10-48-0.029000-[0,6,8,2,7,1,3,5,9,4,]
10-2-0.001000-[6,1,9,5,0,8,4,2,7,3,]
10-12-0.011000-[4,6,0,3,5,8,2,9,7,1,]
10-3-0.002000-[4,1,8,0,2,7,9,6,3,5,]
10-6-0.004000-[7,5,1,8,0,3,6,9,2,4,]
10-81-0.047000-[2,7,3,6,8,1,4,0,5,9,]
10-2-0.001000-[2,7,5,0,9,4,6,8,3,1,]
10-1-0.001000-[9,4,1,7,2,6,8,0,5,3,]
10-35-0.019000-[0,5,3,8,6,2,9,1,4,7,]
10-9-0.006000-[0,4,9,5,8,1,3,6,2,7,]
10-10-0.005000-[4,9,5,3,1,6,8,2,0,7,]
10-50-0.029000-[4,8,1,9,2,5,7,0,3,6,]
10-3-0.001000-[2,5,8,1,3,6,9,7,4,0,]
10-11-0.007000-[3,1,7,5,8,0,4,6,9,2,]
10-22-0.013000-[0,5,9,2,6,8,3,1,4,7,]
10-21-0.012000-[4,7,1,3,9,6,8,5,2,0,]
10-5-0.003000-[2,4,7,1,8,6,0,3,5,9,]
10-11-0.006000-[0,2,5,7,9,4,8,1,3,6,]
10-55-0.030000-[7,5,2,8,1,3,9,6,4,0,]
10-25-0.015000-[3,6,2,5,1,9,0,8,4,7,]
10-3-0.002000-[5,7,4,1,8,2,9,6,3,0,]
10-11-0.007000-[6,8,0,4,1,5,2,9,7,3,]
10-7-0.004000-[7,3,8,0,2,4,6,1,9,5,]
10-17-0.011000-[4,9,5,3,1,7,2,8,6,0,]
10-52-0.030000-[4,0,7,3,6,8,1,5,9,2,]
10-29-0.019000-[0,4,7,1,6,9,2,8,5,3,]
10-10-0.006000-[7,4,1,3,8,6,2,9,5,0,]
10-1-0.000000-[6,0,7,4,1,8,2,5,3,9,]
10-18-0.010000-[2,5,9,6,1,3,7,0,4,8,]
10-33-0.022000-[1,4,6,0,9,5,8,2,7,3,]
10-24-0.014000-[4,7,5,2,9,1,6,8,3,0,]
10-21-0.016000-[7,5,1,9,4,0,3,8,6,2,]
10-25-0.013000-[0,7,5,2,8,1,4,9,3,6,]
10-32-0.019000-[6,3,9,4,1,8,2,5,7,0,]
10-2-0.001000-[2,5,8,0,3,6,9,1,4,7,]
10-48-0.036000-[7,2,4,1,8,5,9,6,3,0,]
10-2-0.001000-[0,3,6,9,1,8,4,2,7,5,]
10-16-0.011000-[3,8,2,5,1,9,0,6,4,7,]
10-13-0.021000-[5,3,1,7,4,8,0,2,9,6,]
10-14-0.012000-[0,3,6,9,7,1,4,2,5,8,]
10-15-0.011000-[3,1,4,7,9,2,5,8,6,0,]
10-3-0.002000-[7,1,4,0,8,3,9,6,2,5,]
10-21-0.015000-[3,5,8,2,9,6,1,7,4,0,]
10-3-0.002000-[4,7,0,8,6,1,9,2,5,3,]
10-8-0.006000-[4,8,0,9,6,2,7,1,3,5,]
10-9-0.007000-[4,2,8,3,1,7,9,6,0,5,]
10-3-0.003000-[5,9,2,0,7,4,1,8,6,3,]
10-44-0.029000-[6,0,5,8,1,3,7,2,4,9,]
10-11-0.006000-[5,2,4,7,0,8,3,1,6,9,]
10-14-0.008000-[6,2,5,8,0,9,3,1,7,4,]
10-17-0.009000-[4,6,1,9,7,0,3,8,2,5,]
10-2-0.002000-[2,8,1,7,4,6,9,0,5,3,]
10-5-0.003000-[2,4,8,0,5,9,6,1,3,7,]
10-5-0.003000-[6,3,1,4,8,5,9,2,0,7,]
10-5-0.002000-[3,5,7,1,4,0,8,6,9,2,]
10-26-0.015000-[8,5,2,0,7,4,1,9,6,3,]
10-6-0.004000-[3,0,7,5,1,9,6,8,2,4,]
10-10-0.007000-[9,4,2,8,3,1,7,5,0,6,]
10-61-0.040000-[0,3,9,6,8,2,4,1,7,5,]
10-7-0.003000-[8,1,5,0,9,6,4,2,7,3,]
10-5-0.003000-[5,3,1,7,2,8,6,4,9,0,]
10-2-0.001000-[0,2,8,6,9,3,1,4,7,5,]
10-10-0.005000-[2,7,9,3,8,0,4,6,1,5,]
10-9-0.004000-[7,4,1,9,0,5,3,8,6,2,]
10-1-0.001000-[2,5,7,4,0,3,9,6,8,1,]
10-2-0.002000-[1,6,4,7,0,3,9,2,5,8,]
10-3-0.002000-[5,2,8,6,0,9,1,4,7,3,]
10-14-0.009000-[1,8,0,7,4,2,9,6,3,5,]
10-6-0.004000-[6,0,2,5,7,9,3,8,4,1,]
10-1-0.001000-[5,7,0,4,6,1,9,2,8,3,]
10-20-0.011000-[6,3,1,4,8,5,9,2,0,7,]
10-25-0.017000-[8,3,0,4,9,1,5,7,2,6,]
10-6-0.002000-[3,0,7,5,1,9,6,8,2,4,]
10-27-0.019000-[5,8,1,9,7,2,0,3,6,4,]
10-25-0.017000-[2,9,7,1,3,8,6,4,0,5,]
10-26-0.017000-[9,5,2,0,7,3,8,6,4,1,]
10-5-0.004000-[1,4,9,7,0,3,6,2,5,8,]
10-1-0.001000-[9,3,1,7,2,8,6,4,0,5,]
10-11-0.006000-[5,3,1,4,7,9,0,2,8,6,]
10-9-0.005000-[9,5,3,8,0,2,6,1,7,4,]
10-4-0.003000-[0,9,4,6,8,2,7,1,3,5,]
10-15-0.008000-[6,2,9,1,4,8,3,0,7,5,]
10-1-0.001000-[9,3,8,4,2,0,6,1,7,5,]
10-6-0.004000-[2,8,1,7,4,6,9,0,5,3,]
10-24-0.015000-[3,6,4,2,0,9,7,5,8,1,]
10-2-0.001000-[5,7,4,1,8,2,9,6,3,0,]
10-1-0.000000-[9,3,6,4,1,8,0,5,7,2,]
10-7-0.004000-[5,3,8,0,2,6,9,7,1,4,]
10-23-0.012000-[1,4,8,0,9,3,6,2,7,5,]
10-15-0.010000-[6,9,2,4,8,0,3,1,7,5,]
10-17-0.012000-[7,1,4,0,8,3,9,6,2,5,]
10-4-0.003000-[0,9,6,4,7,1,8,2,5,3,]
10-4-0.003000-[3,0,6,8,1,7,4,2,9,5,]
10-18-0.013000-[0,5,7,1,6,8,2,4,9,3,]
10-12-0.008000-[4,7,5,0,2,6,8,3,1,9,]
10-2-0.002000-[1,5,7,2,6,3,9,0,8,4,]
10-2-0.001000-[6,2,7,1,4,0,9,3,5,8,]
10-1-0.001000-[9,5,2,0,7,3,8,6,4,1,]
10-3-0.001000-[5,2,8,3,7,9,1,6,4,0,]
10-13-0.009000-[6,3,7,0,4,8,1,5,9,2,]
10-40-0.023000-[1,5,7,2,0,8,4,9,3,6,]
10-8-0.005000-[2,8,5,7,1,3,0,6,4,9,]
10-31-0.022000-[1,5,2,6,9,7,4,0,3,8,]
10-10-0.008000-[6,1,5,8,0,9,4,2,7,3,]
10-1-0.001000-[4,2,7,5,1,8,0,3,6,9,]
10-7-0.006000-[1,6,8,2,7,9,3,5,0,4,]
10-1-0.001000-[4,9,3,0,2,7,1,6,8,5,]
10-26-0.016000-[3,8,4,1,9,0,5,7,2,6,]
10-29-0.022000-[6,4,9,1,3,7,2,8,5,0,]
10-22-0.014000-[6,0,3,5,8,2,9,7,1,4,]
10-6-0.004000-[8,3,1,7,2,0,6,4,9,5,]
10-6-0.005000-[6,2,7,5,3,0,9,4,8,1,]
10-18-0.011000-[6,0,3,5,8,2,9,7,1,4,]
10-2-0.001000-[3,5,8,4,9,0,2,7,1,6,]
10-6-0.004000-[6,0,9,1,4,7,3,8,2,5,]
10-1-0.001000-[2,5,9,4,1,8,6,3,0,7,]
10-9-0.006000-[6,2,9,5,1,8,4,0,7,3,]
10-8-0.006000-[6,4,9,0,3,5,2,8,1,7,]
10-1-0.001000-[5,7,1,6,8,2,0,3,9,4,]
10-4-0.003000-[6,8,1,4,0,3,9,7,5,2,]
10-19-0.013000-[6,0,5,7,1,3,8,2,4,9,]
10-12-0.007000-[2,9,6,3,1,8,5,0,4,7,]
10-12-0.008000-[1,8,0,7,4,2,9,6,3,5,]
10-3-0.002000-[7,4,6,0,9,1,5,2,8,3,]
10-8-0.005000-[7,2,4,9,0,5,3,1,6,8,]
10-23-0.017000-[0,6,3,9,7,1,4,2,5,8,]
10-12-0.007000-[7,5,1,9,4,0,3,8,6,2,]
10-4-0.002000-[8,6,2,0,5,1,4,9,7,3,]
10-8-0.006000-[5,3,1,7,2,6,9,0,8,4,]
10-9-0.005000-[3,6,2,5,1,9,0,8,4,7,]
10-1-0.000000-[7,4,1,8,2,9,6,3,5,0,]
10-3-0.001000-[6,3,9,4,8,0,2,7,5,1,]
10-26-0.018000-[3,7,2,4,8,1,5,9,6,0,]
10-16-0.010000-[9,4,1,7,0,3,6,8,5,2,]
10-6-0.005000-[0,6,8,1,7,4,2,9,5,3,]
10-19-0.010000-[1,8,2,7,9,3,5,0,4,6,]
10-41-0.023000-[3,7,2,8,6,9,0,5,1,4,]
10-13-0.007000-[6,4,0,7,9,2,5,8,1,3,]
10-40-0.024000-[3,7,4,8,0,9,1,5,2,6,]
10-15-0.009000-[5,7,0,4,8,1,3,6,2,9,]
10-3-0.001000-[1,4,7,5,8,2,0,6,3,9,]
10-30-0.017000-[5,2,6,9,3,8,0,4,1,7,]
10-25-0.017000-[2,5,8,6,1,3,7,0,4,9,]
10-10-0.005000-[1,5,8,0,7,4,2,9,6,3,]
10-7-0.005000-[5,7,0,4,6,1,9,2,8,3,]
10-1-0.001000-[5,8,0,3,6,9,7,1,4,2,]
10-4-0.002000-[2,4,8,3,0,9,7,5,1,6,]
10-7-0.003000-[0,9,6,4,7,1,8,2,5,3,]
10-36-0.021000-[3,6,9,1,4,7,0,2,5,8,]
10-21-0.015000-[6,0,5,7,1,3,8,2,4,9,]
10-1-0.000000-[8,4,2,7,9,1,5,0,6,3,]
10-37-0.023000-[3,5,8,2,0,7,1,4,6,9,]
10-5-0.004000-[0,5,9,2,6,8,3,1,4,7,]
10-22-0.015000-[0,3,5,8,2,9,7,1,4,6,]
10-1-0.001000-[6,4,7,0,3,5,8,1,9,2,]
10-6-0.003000-[1,4,7,9,2,5,8,0,3,6,]
10-40-0.026000-[4,8,0,3,1,7,9,6,2,5,]
10-4-0.002000-[2,8,5,7,1,3,0,6,4,9,]
10-12-0.006000-[6,3,5,0,8,4,2,7,9,1,]
10-11-0.008000-[4,2,8,5,9,1,6,0,3,7,]
10-1-0.001000-[9,4,1,7,2,6,8,0,5,3,]
10-2-0.002000-[5,3,1,7,4,8,0,2,9,6,]
10-4-0.003000-[2,7,5,1,9,4,0,3,8,6,]
10-12-0.007000-[9,2,6,1,3,7,0,4,8,5,]
10-35-0.021000-[7,2,4,9,1,8,5,3,6,0,]
10-13-0.011000-[7,9,4,1,5,0,2,6,8,3,]
10-5-0.003000-[5,2,8,3,0,7,9,1,6,4,]
10-13-0.007000-[4,2,0,9,6,8,3,1,7,5,]
10-1-0.001000-[1,3,7,9,4,8,5,0,2,6,]
10-1-0.000000-[2,4,1,8,5,9,6,3,0,7,]
10-35-0.020000-[7,0,2,5,8,6,9,3,1,4,]
10-8-0.005000-[5,0,9,4,6,8,2,7,1,3,]
10-2-0.002000-[2,7,1,6,0,9,4,8,5,3,]
10-5-0.003000-[5,3,8,4,2,9,6,1,7,0,]
10-14-0.008000-[7,9,4,1,5,0,2,6,8,3,]
10-16-0.010000-[1,8,4,9,0,3,5,7,2,6,]
10-8-0.005000-[8,0,7,3,1,6,9,5,2,4,]
10-4-0.002000-[4,1,9,6,3,0,2,8,5,7,]
10-3-0.001000-[9,1,5,0,2,6,8,3,7,4,]
10-16-0.008000-[6,0,3,8,4,7,9,2,5,1,]
10-1-0.000000-[4,0,7,5,1,8,6,3,9,2,]
10-12-0.006000-[5,0,6,1,7,2,8,3,9,4,]
10-4-0.002000-[9,2,6,3,1,8,5,0,4,7,]
10-6-0.004000-[0,8,6,1,3,7,9,4,2,5,]
10-4-0.003000-[6,0,5,8,1,3,7,2,4,9,]
10-30-0.020000-[9,4,2,7,3,1,8,5,0,6,]
10-32-0.017000-[2,8,5,7,1,3,0,6,4,9,]
10-9-0.007000-[2,5,8,0,7,3,1,6,4,9,]
10-22-0.016000-[5,2,8,1,4,7,9,6,3,0,]
10-18-0.012000-[8,1,4,9,7,0,3,6,2,5,]
10-1-0.000000-[9,2,8,1,4,7,0,6,3,5,]
10-26-0.017000-[6,9,3,1,8,2,5,7,0,4,]
10-5-0.004000-[0,6,3,5,8,1,9,4,2,7,]
10-14-0.009000-[0,3,6,9,2,8,1,4,7,5,]
10-19-0.014000-[6,1,7,2,0,9,4,8,5,3,]
10-10-0.006000-[2,5,8,0,7,3,1,6,4,9,]
10-5-0.004000-[0,7,3,8,6,2,9,5,1,4,]
10-6-0.003000-[5,3,0,4,7,9,2,6,8,1,]
10-14-0.008000-[8,4,2,7,3,6,0,9,1,5,]
10-38-0.025000-[5,8,2,0,7,1,4,6,9,3,]
10-8-0.004000-[6,4,1,7,0,3,8,2,5,9,]
10-14-0.009000-[4,7,3,6,9,2,0,5,8,1,]
10-17-0.010000-[4,9,5,3,1,6,8,2,0,7,]
10-24-0.013000-[3,5,8,2,9,7,1,4,6,0,]
10-85-0.048000-[9,6,3,0,4,1,8,5,7,2,]
10-9-0.006000-[6,4,0,7,9,2,5,8,1,3,]
10-4-0.002000-[4,2,5,8,1,7,0,3,6,9,]
10-38-0.025000-[2,5,8,6,0,3,1,4,7,9,]
10-5-0.003000-[6,0,3,5,8,2,9,7,1,4,]
10-8-0.005000-[4,6,1,5,7,0,3,8,2,9,]
10-10-0.007000-[3,1,7,2,8,6,4,9,0,5,]
10-8-0.004000-[0,6,8,2,7,1,3,5,9,4,]
10-30-0.019000-[6,1,9,5,0,8,4,2,7,3,]
10-7-0.004000-[4,8,0,2,6,1,9,7,5,3,]
10-9-0.005000-[6,4,9,0,3,5,2,8,1,7,]
10-37-0.023000-[0,7,3,8,6,2,9,5,1,4,]
10-34-0.020000-[4,7,1,3,9,6,8,5,2,0,]
10-36-0.024000-[3,6,8,5,1,4,0,7,9,2,]
10-3-0.002000-[1,9,7,2,4,8,0,5,3,6,]
10-19-0.013000-[9,7,4,1,3,0,6,8,2,5,]
10-1-0.001000-[5,9,1,6,4,2,0,8,3,7,]
10-13-0.008000-[4,7,1,3,9,6,8,5,2,0,]
10-2-0.001000-[6,4,1,5,0,9,7,2,8,3,]
10-4-0.002000-[3,5,7,9,1,6,2,0,8,4,]
10-2-0.001000-[9,2,6,3,1,8,4,0,7,5,]
10-12-0.009000-[0,4,6,9,3,1,8,2,5,7,]
10-6-0.003000-[3,5,0,9,4,6,8,2,7,1,]
10-5-0.003000-[3,7,9,4,1,5,0,2,6,8,]
10-2-0.001000-[1,9,7,2,4,8,0,5,3,6,]
10-10-0.006000-[3,5,9,2,0,7,4,1,8,6,]
10-5-0.005000-[3,7,0,8,5,1,6,9,2,4,]
10-8-0.004000-[6,8,0,4,1,5,2,9,7,3,]
10-1-0.001000-[0,3,6,9,7,1,4,2,5,8,]
10-6-0.003000-[2,4,8,1,9,6,3,0,7,5,]
10-3-0.002000-[6,2,5,7,0,4,8,1,3,9,]
10-3-0.002000-[3,9,2,5,8,1,7,4,6,0,]
10-1-0.001000-[1,4,6,8,3,7,0,2,5,9,]
10-12-0.007000-[1,8,5,7,9,0,2,4,6,3,]
10-1-0.001000-[9,2,6,3,1,8,5,0,4,7,]
10-10-0.006000-[1,4,7,5,8,2,0,6,3,9,]
10-1-0.001000-[6,9,2,4,8,0,3,1,7,5,]
