11-8-0.015000-[3,7,10,1,5,0,8,4,2,9,6,]
11-9-0.010000-[9,7,0,4,1,8,6,3,10,2,5,]
11-61-0.062000-[3,7,9,4,1,5,0,2,10,8,6,]
11-21-0.013000-[9,1,3,8,6,2,0,10,4,7,5,]
11-6-0.005000-[2,7,9,4,1,8,10,3,6,0,5,]
11-18-0.013000-[0,2,6,9,1,8,5,3,10,7,4,]
11-34-0.024000-[8,6,3,0,7,1,10,5,2,4,9,]
11-17-0.012000-[4,2,0,9,7,5,3,1,10,8,6,]
11-25-0.017000-[1,7,4,2,9,5,10,0,3,6,8,]
11-7-0.006000-[9,5,3,0,10,8,4,1,7,2,6,]
11-28-0.024000-[7,3,10,6,2,9,5,1,8,4,0,]
11-31-0.025000-[7,10,1,5,2,8,6,3,9,0,4,]
11-11-0.011000-[5,1,9,6,10,2,0,3,7,4,8,]
11-63-0.050000-[4,7,1,3,9,0,8,5,2,10,6,]
11-61-0.048000-[9,6,4,2,0,8,10,5,3,1,7,]
11-55-0.042000-[7,5,0,6,1,10,2,9,3,8,4,]
11-10-0.007000-[7,3,6,9,1,4,0,10,8,2,5,]
11-62-0.047000-[6,8,5,2,0,10,4,7,9,3,1,]
11-27-0.022000-[1,9,7,10,3,0,2,5,8,6,4,]
11-44-0.034000-[7,5,2,8,1,3,9,6,10,0,4,]
11-51-0.051000-[6,9,3,8,0,4,1,10,5,7,2,]
11-11-0.015000-[5,8,1,9,7,2,0,3,6,4,10,]
11-4-0.004000-[6,10,0,7,5,2,8,1,4,9,3,]
11-17-0.017000-[9,1,5,8,2,7,10,3,0,6,4,]
11-5-0.008000-[0,8,1,4,9,7,10,3,6,2,5,]
11-23-0.023000-[3,5,8,2,0,10,6,9,1,4,7,]
11-3-0.008000-[4,8,5,0,10,6,2,9,7,1,3,]
11-20-0.019000-[4,0,3,9,7,10,8,2,5,1,6,]
11-21-0.020000-[5,0,6,4,10,7,9,2,8,1,3,]
11-9-0.009000-[6,4,0,8,5,2,10,1,7,9,3,]
11-9-0.010000-[2,9,3,1,7,10,6,0,5,8,4,]
11-9-0.011000-[4,9,0,3,10,7,1,8,5,2,6,]
11-1-0.001000-[10,2,9,6,3,1,8,5,0,4,7,]
11-37-0.048000-[1,6,9,7,2,4,8,10,0,3,5,]
11-7-0.007000-[4,6,1,10,7,0,3,9,2,5,8,]
11-33-0.035000-[4,0,3,8,6,1,9,2,5,7,10,]
11-6-0.007000-[7,1,4,0,5,8,10,3,6,2,9,]
11-19-0.019000-[7,10,0,2,8,5,3,1,9,4,6,]
11-2-0.002000-[1,9,5,8,2,4,10,7,0,6,3,]
11-4-0.003000-[5,8,10,0,2,6,1,3,7,9,4,]
11-14-0.010000-[6,4,7,5,0,2,10,8,3,1,9,]
11-12-0.009000-[8,2,7,1,10,0,5,9,4,6,3,]
11-27-0.025000-[1,5,9,0,10,8,4,2,7,3,6,]
11-5-0.004000-[0,7,3,6,8,10,1,4,2,5,9,]
11-10-0.008000-[3,6,2,10,1,7,4,8,0,5,9,]
11-8-0.008000-[4,10,7,2,6,1,9,0,5,3,8,]
11-27-0.023000-[3,9,2,10,1,6,8,0,4,7,5,]
11-14-0.014000-[1,8,6,3,9,0,4,10,7,5,2,]
11-72-0.066000-[3,8,2,5,1,9,4,0,7,10,6,]
11-15-0.017000-[3,8,2,5,1,9,4,0,7,10,6,]
11-48-0.037000-[2,7,1,3,0,8,10,5,9,6,4,]
11-14-0.011000-[9,4,1,5,8,10,0,3,6,2,7,]
11-19-0.017000-[4,6,8,10,7,3,0,9,1,5,2,]
11-6-0.008000-[7,5,0,6,1,10,8,3,9,4,2,]
11-38-0.034000-[6,2,5,8,1,3,10,7,4,0,9,]
11-18-0.016000-[1,4,10,8,0,9,3,6,2,7,5,]
11-11-0.013000-[4,10,1,9,6,3,0,2,8,5,7,]
11-44-0.043000-[2,5,9,0,3,8,4,7,1,10,6,]
11-7-0.008000-[5,8,2,4,10,1,9,6,3,7,0,]
11-37-0.036000-[3,5,10,4,9,0,8,1,7,2,6,]
11-8-0.007000-[8,6,4,1,5,0,10,3,7,9,2,]
11-3-0.002000-[6,8,2,4,9,7,10,1,3,5,0,]
11-53-0.043000-[5,10,4,1,3,8,2,7,9,6,0,]
11-25-0.021000-[2,5,7,9,0,3,1,6,8,10,4,]
11-41-0.032000-[7,0,4,1,9,6,2,10,8,3,5,]
11-19-0.016000-[5,0,6,4,10,7,9,2,8,1,3,]
11-41-0.031000-[3,9,6,8,1,4,7,0,10,5,2,]
11-7-0.007000-[7,1,4,2,9,6,3,10,0,5,8,]
11-29-0.020000-[6,0,5,10,1,7,2,8,3,9,4,]
11-22-0.016000-[10,2,5,1,9,0,8,4,7,3,6,]
11-45-0.031000-[6,9,2,5,1,10,7,0,3,8,4,]
11-43-0.047000-[6,9,0,8,1,4,2,7,10,3,5,]
11-25-0.017000-[9,7,5,2,8,10,0,3,6,4,1,]
11-8-0.005000-[5,10,2,6,3,9,0,8,4,1,7,]
11-15-0.011000-[8,5,3,0,7,10,4,6,1,9,2,]
11-12-0.011000-[3,1,8,2,9,7,10,4,6,0,5,]
11-11-0.008000-[2,5,10,0,7,4,1,8,6,9,3,]
11-5-0.004000-[3,5,8,10,4,6,1,9,7,0,2,]
11-12-0.012000-[5,2,9,7,3,1,6,10,0,4,8,]
11-22-0.015000-[5,3,0,4,10,1,9,6,8,2,7,]
11-12-0.008000-[6,3,7,2,4,8,10,0,9,5,1,]
11-47-0.031000-[10,5,9,2,0,3,6,8,1,4,7,]
11-3-0.001000-[3,6,8,10,4,7,0,2,9,5,1,]
11-46-0.036000-[2,9,5,3,0,6,10,1,7,4,8,]
11-30-0.022000-[6,3,5,2,8,10,7,4,1,9,0,]
11-1-0.000000-[0,5,7,10,6,3,1,8,4,2,9,]
11-2-0.001000-[5,3,0,10,7,4,1,8,2,9,6,]
11-54-0.041000-[4,6,1,5,10,0,9,3,8,2,7,]
11-26-0.023000-[4,1,5,9,2,10,8,6,3,0,7,]
11-1-0.000000-[7,5,2,0,9,4,8,1,3,10,6,]
11-36-0.028000-[1,6,9,2,4,8,0,3,10,7,5,]
11-30-0.025000-[4,8,1,9,7,2,0,3,6,10,5,]
11-2-0.001000-[3,9,7,1,4,6,10,0,5,8,2,]
11-1-0.000000-[5,8,1,7,4,2,0,9,6,10,3,]
11-57-0.046000-[2,5,10,4,0,3,9,6,8,1,7,]
11-39-0.029000-[3,10,0,9,5,2,8,1,7,4,6,]
11-19-0.018000-[8,0,9,6,2,7,1,3,5,10,4,]
11-4-0.004000-[7,4,2,9,5,10,0,6,3,1,8,]
11-8-0.005000-[7,3,8,2,5,9,0,10,4,6,1,]
11-22-0.018000-[1,9,2,6,8,3,5,0,10,4,7,]
11-20-0.033000-[3,6,8,2,0,7,10,4,1,9,5,]
11-8-0.007000-[3,8,6,1,10,5,0,9,7,4,2,]
11-6-0.005000-[7,2,0,8,4,9,3,6,10,1,5,]
11-18-0.019000-[6,10,1,4,9,5,8,2,0,3,7,]
11-2-0.002000-[5,10,2,9,6,4,1,8,0,7,3,]
11-14-0.012000-[6,0,7,4,1,9,2,10,8,3,5,]
11-21-0.015000-[1,8,5,0,4,7,10,3,6,2,9,]
11-18-0.014000-[4,6,10,0,5,1,9,7,2,8,3,]
11-2-0.002000-[5,10,2,0,6,9,1,8,4,7,3,]
11-14-0.009000-[2,5,9,6,3,0,4,1,8,10,7,]
11-41-0.030000-[1,6,9,5,2,0,10,7,4,8,3,]
11-7-0.006000-[1,6,8,3,0,4,9,5,10,2,7,]
11-1-0.001000-[7,10,4,2,8,5,9,1,6,0,3,]
11-4-0.004000-[9,5,1,8,4,0,7,3,10,6,2,]
11-20-0.015000-[5,10,1,6,8,2,7,3,0,9,4,]
11-1-0.002000-[3,1,7,9,2,6,10,0,5,8,4,]
11-23-0.020000-[7,0,4,1,10,8,6,3,9,2,5,]
11-14-0.013000-[2,4,8,1,9,6,3,0,7,5,10,]
11-5-0.006000-[3,6,2,9,5,0,10,4,7,1,8,]
11-6-0.004000-[0,7,4,1,8,6,3,10,2,5,9,]
11-25-0.019000-[5,10,0,7,3,8,2,9,1,6,4,]
11-14-0.009000-[8,3,5,0,9,1,6,2,7,10,4,]
11-46-0.032000-[6,2,7,10,1,3,8,0,4,9,5,]
11-4-0.003000-[9,6,4,2,0,8,10,5,3,1,7,]
11-3-0.003000-[1,3,5,7,9,0,2,4,6,8,10,]
11-13-0.010000-[2,5,8,1,7,10,3,0,9,4,6,]
11-8-0.007000-[7,5,1,9,6,10,2,4,8,0,3,]
11-23-0.017000-[6,3,9,7,1,4,2,0,8,10,5,]
11-37-0.026000-[1,4,7,10,8,2,0,3,6,9,5,]
11-31-0.027000-[2,10,5,7,0,3,6,8,1,4,9,]
11-11-0.006000-[2,9,5,1,8,10,3,7,0,4,6,]
11-20-0.016000-[2,5,8,1,9,4,6,0,3,10,7,]
11-1-0.000000-[5,1,6,9,2,4,8,0,3,10,7,]
11-14-0.012000-[9,3,1,10,7,0,2,5,8,6,4,]
11-32-0.028000-[1,6,9,2,4,8,0,3,10,7,5,]
11-14-0.013000-[6,10,7,0,4,9,1,5,2,8,3,]
11-22-0.016000-[5,10,1,4,8,3,9,7,2,0,6,]
11-15-0.012000-[1,5,7,2,0,8,4,9,3,6,10,]
11-9-0.007000-[4,0,9,3,6,2,7,10,1,5,8,]
11-3-0.003000-[5,9,4,6,0,2,7,1,3,8,10,]
11-18-0.012000-[6,1,5,2,9,7,10,8,3,0,4,]
11-2-0.001000-[5,8,4,9,0,3,1,6,2,10,7,]
11-8-0.004000-[2,4,7,0,8,3,1,6,9,5,10,]
11-62-0.046000-[10,2,9,6,3,1,8,5,0,4,7,]
11-48-0.036000-[3,1,7,5,0,2,10,8,6,4,9,]
11-8-0.006000-[2,4,6,9,5,10,0,7,3,1,8,]
11-1-0.001000-[1,9,4,6,0,3,10,7,5,8,2,]
11-9-0.009000-[9,4,10,3,0,2,7,1,6,8,5,]
11-11-0.008000-[2,9,7,3,1,6,10,5,0,8,4,]
11-4-0.003000-[8,3,5,0,9,6,10,2,7,1,4,]
11-6-0.005000-[5,7,0,3,8,2,9,6,10,1,4,]
11-45-0.038000-[5,10,4,7,0,8,3,1,6,9,2,]
11-4-0.003000-[1,4,6,10,2,7,3,0,8,5,9,]
11-13-0.009000-[7,2,4,8,0,3,6,10,5,1,9,]
11-1-0.000000-[3,6,0,5,1,9,7,2,4,8,10,]
11-2-0.002000-[1,8,4,7,9,2,5,10,0,3,6,]
11-24-0.018000-[6,1,3,10,7,2,4,9,0,8,5,]
11-15-0.009000-[1,6,10,7,0,3,9,2,5,8,4,]
11-41-0.031000-[7,0,2,8,5,9,4,1,10,6,3,]
11-21-0.015000-[5,7,0,3,8,2,9,6,1,10,4,]
11-26-0.020000-[6,10,3,7,0,2,8,5,1,4,9,]
11-9-0.007000-[8,1,7,4,0,9,5,10,2,6,3,]
11-8-0.007000-[2,10,8,6,3,1,7,5,0,9,4,]
11-60-0.041000-[4,1,9,5,3,0,7,10,2,6,8,]
11-2-0.002000-[8,3,0,6,1,10,5,7,9,4,2,]
11-31-0.026000-[3,0,6,8,10,2,7,9,4,1,5,]
11-2-0.001000-[8,1,3,6,2,9,5,0,10,4,7,]
11-8-0.007000-[5,1,9,4,6,8,10,2,0,3,7,]
11-20-0.015000-[10,3,5,0,8,6,2,7,1,4,9,]
11-20-0.015000-[5,10,2,6,3,9,0,8,4,1,7,]
11-15-0.013000-[5,8,1,4,0,9,6,10,2,7,3,]
11-46-0.034000-[3,5,8,4,9,0,2,7,10,6,1,]
11-13-0.011000-[9,0,3,5,2,8,10,7,4,6,1,]
11-19-0.016000-[4,1,7,5,10,8,0,3,9,6,2,]
11-53-0.043000-[2,5,7,0,10,6,9,1,4,8,3,]
11-38-0.035000-[1,3,9,6,8,10,2,0,5,7,4,]
11-1-0.001000-[5,1,9,0,10,8,4,2,7,3,6,]
11-14-0.012000-[8,1,3,6,2,9,5,0,10,4,7,]
11-13-0.017000-[1,3,5,8,2,0,10,6,4,9,7,]
11-5-0.010000-[3,8,0,4,1,7,10,6,2,9,5,]
11-23-0.020000-[7,2,4,8,0,3,6,10,5,1,9,]
11-22-0.025000-[7,0,6,8,1,5,9,2,4,10,3,]
11-7-0.009000-[3,9,6,10,0,4,1,5,8,2,7,]
11-7-0.007000-[3,7,10,4,1,9,0,6,8,2,5,]
11-26-0.024000-[8,1,7,4,10,0,5,9,2,6,3,]
11-15-0.016000-[10,6,9,3,1,8,2,5,7,0,4,]
11-9-0.006000-[3,7,2,8,1,9,0,5,10,4,6,]
11-10-0.007000-[10,3,1,4,8,0,9,7,5,2,6,]
11-2-0.002000-[5,8,1,9,2,6,10,3,0,4,7,]
11-13-0.012000-[8,1,5,7,10,4,0,9,3,6,2,]
11-18-0.017000-[6,4,2,0,9,7,10,3,1,8,5,]
11-13-0.011000-[6,1,3,7,9,2,5,10,4,0,8,]
11-17-0.014000-[6,4,9,5,0,2,10,7,1,3,8,]
11-147-0.129000-[5,1,8,4,7,3,0,2,10,6,9,]
11-16-0.012000-[3,6,8,10,1,7,5,2,0,9,4,]
11-13-0.008000-[3,7,9,4,0,10,6,2,5,1,8,]
11-55-0.045000-[1,6,4,7,0,3,9,2,5,8,10,]
11-38-0.033000-[6,0,2,5,8,10,1,3,9,7,4,]
11-21-0.018000-[6,1,3,7,0,2,9,5,10,8,4,]
11-14-0.013000-[4,8,3,0,9,7,2,10,6,1,5,]
11-88-0.065000-[3,9,6,2,5,10,8,0,4,7,1,]
11-13-0.009000-[2,9,5,8,4,0,10,6,1,3,7,]
11-2-0.001000-[3,5,8,2,0,10,6,9,1,4,7,]
11-9-0.006000-[2,7,5,8,0,9,4,6,1,3,10,]
11-27-0.020000-[6,3,9,4,1,8,10,2,7,5,0,]
11-56-0.040000-[4,0,3,8,6,1,9,2,5,7,10,]
11-19-0.014000-[7,3,0,2,8,5,9,4,1,10,6,]
11-19-0.015000-[7,3,6,2,10,8,0,4,1,9,5,]
11-11-0.007000-[7,3,10,2,4,9,0,8,5,1,6,]
11-1-0.001000-[3,10,7,4,1,5,0,9,6,8,2,]
11-9-0.006000-[6,3,0,10,5,2,9,7,4,8,1,]
11-2-0.002000-[3,9,7,5,0,2,10,8,6,4,1,]
11-6-0.005000-[3,7,0,8,1,4,6,9,2,10,5,]
11-5-0.003000-[3,0,7,10,2,6,8,1,4,9,5,]
11-28-0.020000-[2,9,1,8,5,0,10,7,4,6,3,]
11-3-0.003000-[5,10,2,9,6,3,0,8,1,4,7,]
11-5-0.005000-[10,5,9,2,0,3,6,8,1,4,7,]
11-16-0.011000-[6,10,3,5,8,2,9,7,1,4,0,]
11-31-0.023000-[8,0,7,4,1,9,6,3,10,2,5,]
11-17-0.013000-[3,8,0,4,6,1,10,7,5,2,9,]
11-2-0.001000-[4,7,10,2,5,8,0,3,6,9,1,]
11-51-0.042000-[6,4,1,8,0,2,10,7,9,3,5,]
11-22-0.020000-[2,6,10,0,4,9,7,3,1,8,5,]
11-11-0.011000-[6,2,10,7,0,3,8,4,1,9,5,]
11-40-0.038000-[4,8,1,5,9,2,6,10,3,7,0,]
11-86-0.078000-[6,2,5,10,4,0,8,3,1,7,9,]
11-9-0.009000-[7,9,1,6,0,3,10,8,5,2,4,]
11-18-0.016000-[2,7,1,6,0,9,4,8,5,3,10,]
11-26-0.027000-[5,0,6,3,10,8,1,9,4,2,7,]
11-3-0.003000-[4,0,8,3,9,6,2,10,1,7,5,]
11-4-0.004000-[1,4,7,10,8,2,0,3,6,9,5,]
11-14-0.012000-[6,4,9,0,5,10,1,7,2,8,3,]
11-45-0.039000-[10,5,2,4,1,7,9,6,3,0,8,]
11-28-0.024000-[8,5,1,9,7,10,3,0,2,4,6,]
11-9-0.008000-[6,10,1,4,9,5,8,2,0,3,7,]
11-1-0.001000-[7,3,0,8,5,1,6,10,2,4,9,]
11-5-0.005000-[2,10,3,7,4,8,0,5,1,6,9,]
11-37-0.037000-[4,2,7,9,6,3,0,10,8,5,1,]
11-6-0.005000-[4,6,10,3,1,8,5,2,9,7,0,]
11-33-0.026000-[3,6,9,7,1,4,0,8,10,5,2,]
11-16-0.014000-[4,0,3,10,7,2,8,5,1,9,6,]
11-39-0.032000-[5,2,6,3,0,8,1,4,10,7,9,]
11-10-0.009000-[2,4,7,10,8,3,5,0,9,1,6,]
11-3-0.002000-[7,10,2,6,8,0,4,1,9,5,3,]
11-10-0.008000-[4,9,3,8,10,2,0,6,1,7,5,]
11-19-0.015000-[4,8,3,5,9,2,0,10,7,1,6,]
11-12-0.012000-[1,9,7,2,0,8,10,5,3,6,4,]
11-14-0.012000-[2,9,1,6,4,10,7,0,3,5,8,]
11-9-0.009000-[5,7,4,6,0,2,10,8,3,1,9,]
11-36-0.034000-[9,4,0,3,10,7,1,8,5,2,6,]
11-29-0.027000-[3,5,2,10,1,6,8,0,4,7,9,]
11-88-0.078000-[3,6,10,7,2,0,5,8,1,9,4,]
11-42-0.039000-[3,10,4,9,0,2,7,1,6,8,5,]
11-12-0.011000-[1,4,7,0,2,9,6,3,10,8,5,]
11-20-0.019000-[5,8,4,7,0,3,1,6,9,2,10,]
11-10-0.007000-[8,6,3,10,0,5,9,4,1,7,2,]
11-19-0.018000-[1,6,2,10,8,4,0,9,3,5,7,]
11-17-0.017000-[3,10,7,1,6,0,2,8,5,9,4,]
11-10-0.009000-[8,4,2,7,9,1,3,0,6,10,5,]
11-15-0.014000-[5,2,8,6,0,9,1,4,7,3,10,]
11-33-0.028000-[2,4,8,0,5,10,6,1,3,7,9,]
11-5-0.007000-[2,6,9,3,1,4,7,10,0,5,8,]
11-15-0.014000-[1,4,2,0,9,7,10,3,6,8,5,]
11-52-0.053000-[5,10,4,7,0,2,9,6,1,3,8,]
11-21-0.021000-[3,6,8,2,0,7,10,4,1,9,5,]
11-38-0.037000-[3,5,10,8,1,4,7,0,2,9,6,]
11-27-0.027000-[9,7,4,1,8,0,5,10,2,6,3,]
11-1-0.000000-[10,8,4,0,7,3,1,6,9,5,2,]
11-9-0.008000-[9,4,1,5,8,2,0,7,3,10,6,]
11-42-0.040000-[0,2,6,8,3,1,9,5,10,4,7,]
11-8-0.008000-[5,7,9,0,3,8,6,2,10,1,4,]
11-30-0.028000-[0,6,3,9,7,1,10,2,5,8,4,]
11-14-0.011000-[4,8,0,3,7,10,1,6,9,5,2,]
11-25-0.022000-[5,10,4,6,0,9,1,8,2,7,3,]
11-19-0.018000-[7,10,2,6,1,3,0,9,4,8,5,]
11-7-0.006000-[1,3,7,10,2,5,9,4,0,8,6,]
11-57-0.056000-[4,8,5,3,1,10,7,9,6,2,0,]
11-27-0.026000-[5,8,4,7,0,2,9,1,6,10,3,]
11-6-0.005000-[6,8,1,5,0,2,7,10,3,9,4,]
11-1-0.001000-[3,10,4,9,5,0,2,6,8,1,7,]
11-30-0.029000-[5,0,6,9,7,2,8,3,1,4,10,]
11-1-0.000000-[9,3,8,0,4,1,7,10,6,2,5,]
11-46-0.038000-[2,5,8,6,1,10,7,0,3,9,4,]
11-11-0.013000-[0,10,7,5,2,8,1,3,9,6,4,]
11-16-0.023000-[8,3,9,7,10,2,0,5,1,4,6,]
11-6-0.006000-[4,9,5,8,10,0,2,6,1,3,7,]
11-15-0.012000-[5,9,6,3,0,8,1,4,10,7,2,]
11-34-0.032000-[5,0,10,6,4,9,1,8,2,7,3,]
11-10-0.008000-[1,6,9,3,8,0,2,10,5,7,4,]
11-11-0.016000-[1,8,6,3,0,10,5,9,2,4,7,]
11-23-0.024000-[9,6,10,0,4,1,5,8,2,7,3,]
11-16-0.014000-[4,7,1,6,9,2,8,5,3,10,0,]
11-13-0.011000-[2,0,9,7,5,3,1,10,8,6,4,]
11-7-0.006000-[2,6,10,0,4,9,7,3,1,8,5,]
11-4-0.002000-[7,5,2,6,1,10,8,3,0,4,9,]
11-15-0.014000-[7,4,6,1,5,10,0,9,3,8,2,]
11-20-0.021000-[4,2,9,3,10,8,1,5,7,0,6,]
11-1-0.001000-[5,8,10,3,6,9,2,0,7,4,1,]
11-27-0.024000-[4,7,3,0,6,10,1,5,8,2,9,]
11-24-0.025000-[3,7,2,10,8,0,5,9,1,6,4,]
11-11-0.010000-[4,0,10,3,5,8,2,9,6,1,7,]
11-11-0.007000-[1,5,7,10,0,2,6,9,3,8,4,]
11-43-0.039000-[6,0,5,10,1,7,2,8,3,9,4,]
11-1-0.001000-[1,6,0,7,10,8,3,9,4,2,5,]
11-7-0.006000-[2,7,3,6,8,10,4,0,5,9,1,]
11-29-0.025000-[1,6,9,2,8,5,3,10,0,7,4,]
11-25-0.018000-[5,3,8,0,2,9,6,10,7,4,1,]
11-6-0.007000-[0,5,3,9,7,2,4,1,10,8,6,]
11-11-0.008000-[1,4,7,10,6,9,2,0,8,3,5,]
11-36-0.031000-[0,6,8,10,2,4,9,1,3,5,7,]
11-9-0.008000-[8,6,2,9,5,0,10,4,7,1,3,]
11-9-0.008000-[9,2,8,10,3,1,6,4,0,7,5,]
11-12-0.011000-[5,2,8,10,4,1,9,0,6,3,7,]
11-17-0.018000-[5,0,8,1,4,9,7,10,3,6,2,]
11-24-0.023000-[3,0,4,7,1,10,6,2,9,5,8,]
11-6-0.005000-[2,8,3,9,0,5,10,1,6,4,7,]
11-15-0.015000-[0,7,5,10,2,4,8,3,9,6,1,]
11-8-0.007000-[8,5,2,4,10,0,9,6,1,3,7,]
11-52-0.041000-[6,8,3,7,0,10,1,9,5,2,4,]
11-14-0.012000-[4,6,9,0,2,5,8,1,7,10,3,]
11-6-0.005000-[4,2,5,8,10,0,3,1,7,9,6,]
11-65-0.061000-[6,8,5,2,0,10,4,7,9,3,1,]
11-31-0.026000-[4,8,3,5,9,1,6,10,7,2,0,]
11-22-0.020000-[3,8,6,1,10,5,0,9,7,4,2,]
11-9-0.009000-[6,2,0,10,8,4,9,1,3,5,7,]
11-71-0.063000-[4,7,1,6,9,2,0,8,3,5,10,]
11-3-0.002000-[3,9,2,4,8,10,0,6,1,5,7,]
11-33-0.028000-[3,1,4,8,10,0,7,5,2,6,9,]
11-6-0.005000-[8,3,9,4,10,1,6,2,5,7,0,]
11-48-0.041000-[8,6,2,9,1,4,7,10,3,5,0,]
11-68-0.064000-[5,0,10,6,4,9,1,8,2,7,3,]
11-2-0.002000-[1,8,2,0,7,9,4,6,10,3,5,]
11-2-0.004000-[1,6,0,7,10,8,3,9,4,2,5,]
11-26-0.023000-[6,10,1,7,4,8,3,0,9,5,2,]
11-5-0.005000-[5,3,6,10,7,2,0,8,4,1,9,]
11-4-0.002000-[8,2,5,7,1,10,6,9,3,0,4,]
11-4-0.004000-[0,7,5,2,8,10,3,9,6,4,1,]
11-4-0.004000-[4,1,3,9,6,2,0,10,7,5,8,]
11-2-0.003000-[7,4,1,3,9,6,10,2,0,5,8,]
11-8-0.007000-[10,1,3,5,7,9,0,2,4,6,8,]
11-10-0.008000-[7,1,6,8,2,0,9,3,5,10,4,]
11-14-0.011000-[2,10,5,7,0,3,6,8,1,4,9,]
11-32-0.024000-[4,10,3,9,6,2,0,7,1,8,5,]
11-20-0.017000-[1,4,7,10,6,9,2,0,8,3,5,]
11-2-0.001000-[3,6,8,10,2,9,5,1,4,0,7,]
11-14-0.013000-[5,2,6,9,7,1,3,0,10,8,4,]
11-31-0.029000-[6,1,7,2,8,3,9,4,10,5,0,]
11-25-0.022000-[1,7,4,8,3,9,6,10,2,0,5,]
11-43-0.035000-[4,8,3,0,9,5,1,10,7,2,6,]
11-9-0.007000-[3,8,2,5,1,9,4,0,7,10,6,]
11-11-0.009000-[5,1,8,4,0,7,3,10,6,2,9,]
11-8-0.006000-[6,4,10,5,0,9,1,8,2,7,3,]
11-50-0.043000-[4,9,1,8,5,0,2,7,10,6,3,]
11-3-0.002000-[6,10,3,7,0,4,8,1,5,9,2,]
11-10-0.009000-[6,4,0,7,3,10,8,1,5,9,2,]
11-18-0.016000-[9,1,5,2,8,10,0,3,6,4,7,]
11-59-0.055000-[6,1,7,5,3,0,9,4,2,10,8,]
11-22-0.019000-[9,7,0,4,8,1,5,10,2,6,3,]
11-2-0.002000-[4,6,8,10,5,0,2,9,7,3,1,]
11-12-0.011000-[1,9,4,6,3,0,10,7,5,2,8,]
11-2-0.002000-[4,8,3,0,9,5,1,10,7,2,6,]
11-9-0.010000-[4,6,0,10,7,1,3,9,2,8,5,]
11-13-0.010000-[5,2,4,7,10,8,6,1,3,0,9,]
11-69-0.061000-[0,7,4,1,8,6,3,10,2,5,9,]
11-7-0.006000-[9,2,6,10,3,7,0,4,8,1,5,]
11-8-0.009000-[9,3,6,2,10,5,0,8,4,7,1,]
11-9-0.008000-[1,5,9,0,10,8,4,2,7,3,6,]
11-1-0.002000-[3,5,10,4,9,0,2,7,1,6,8,]
11-8-0.008000-[8,0,4,9,5,10,1,3,6,2,7,]
11-11-0.010000-[9,4,10,5,0,6,1,7,2,8,3,]
11-34-0.031000-[0,8,4,1,7,2,10,6,9,3,5,]
11-7-0.008000-[2,7,10,4,1,8,0,3,6,9,5,]
11-8-0.007000-[3,9,4,2,8,10,1,7,5,0,6,]
11-3-0.002000-[4,0,9,5,10,1,6,8,2,7,3,]
11-43-0.041000-[5,10,0,3,6,9,2,8,1,4,7,]
11-7-0.007000-[6,2,10,7,0,3,1,9,5,8,4,]
11-27-0.027000-[4,6,8,2,7,3,0,9,1,10,5,]
11-18-0.018000-[5,10,0,7,3,8,2,9,1,6,4,]
11-14-0.010000-[6,0,7,1,8,5,2,9,3,10,4,]
11-19-0.017000-[6,0,2,5,8,10,1,4,9,7,3,]
11-38-0.036000-[2,7,9,3,0,8,10,5,1,6,4,]
11-21-0.020000-[7,2,6,1,10,5,0,9,4,8,3,]
11-5-0.005000-[6,8,3,0,4,7,1,10,2,5,9,]
11-44-0.041000-[5,8,1,3,7,9,4,0,10,6,2,]
11-20-0.020000-[1,6,10,3,7,0,2,9,5,8,4,]
11-22-0.016000-[3,6,2,10,1,7,4,8,0,5,9,]
11-13-0.011000-[4,9,0,2,5,8,1,7,10,3,6,]
11-11-0.009000-[2,5,10,4,0,3,9,6,8,1,7,]
11-6-0.006000-[5,7,9,1,3,8,0,2,4,6,10,]
11-50-0.043000-[6,3,10,8,1,4,2,0,9,7,5,]
11-21-0.018000-[3,9,7,1,10,2,5,8,0,4,6,]
11-63-0.057000-[9,2,8,3,0,10,5,1,6,4,7,]
11-40-0.042000-[0,2,6,8,3,1,9,5,10,4,7,]
11-6-0.005000-[4,7,10,2,6,8,3,0,9,5,1,]
11-46-0.044000-[3,9,6,8,0,4,1,7,5,10,2,]
11-3-0.003000-[0,2,9,7,3,10,8,5,1,4,6,]
11-5-0.005000-[6,3,0,8,1,4,7,10,2,9,5,]
11-16-0.014000-[10,5,2,9,1,3,8,0,7,4,6,]
11-1-0.001000-[10,4,2,0,8,6,1,9,7,5,3,]
11-74-0.063000-[7,4,10,5,9,1,3,8,6,2,0,]
11-20-0.017000-[1,10,5,3,9,7,4,2,0,8,6,]
11-12-0.009000-[1,5,8,0,7,4,2,9,6,3,10,]
11-2-0.002000-[9,7,4,0,8,6,1,10,2,5,3,]
11-10-0.007000-[1,9,2,6,3,7,10,4,0,5,8,]
11-6-0.004000-[1,5,7,10,3,0,8,4,2,9,6,]
11-33-0.022000-[1,5,7,9,4,0,8,10,2,6,3,]
11-22-0.016000-[6,4,10,1,9,5,2,8,3,0,7,]
11-18-0.012000-[2,8,5,0,10,6,4,1,7,9,3,]
11-9-0.007000-[3,0,6,9,5,1,8,4,2,7,10,]
11-39-0.026000-[5,8,1,4,7,9,0,3,10,6,2,]
11-11-0.008000-[5,7,2,10,6,1,9,0,3,8,4,]
11-7-0.004000-[6,4,0,8,5,2,10,1,7,9,3,]
11-4-0.003000-[5,0,9,4,2,8,3,7,10,1,6,]
11-1-0.000000-[10,5,3,8,0,2,9,6,1,7,4,]
11-22-0.014000-[0,6,1,7,10,8,2,4,9,3,5,]
11-13-0.011000-[2,8,1,3,7,9,4,0,5,10,6,]
11-42-0.029000-[4,1,7,0,3,8,2,9,6,10,5,]
11-6-0.004000-[8,3,7,9,2,6,10,0,5,1,4,]
11-10-0.007000-[8,5,1,9,6,2,7,10,3,0,4,]
11-37-0.025000-[1,6,10,2,4,8,0,9,3,5,7,]
11-55-0.037000-[5,0,8,1,4,9,7,2,10,3,6,]
11-32-0.022000-[4,8,5,0,10,6,2,9,7,1,3,]
11-27-0.018000-[7,5,2,8,1,3,9,6,4,10,0,]
11-1-0.001000-[4,8,1,5,9,2,0,7,3,10,6,]
11-4-0.003000-[6,8,5,2,0,10,4,7,9,3,1,]
11-23-0.017000-[3,6,0,10,5,7,2,4,8,1,9,]
11-38-0.035000-[4,7,1,6,9,2,8,5,3,10,0,]
11-2-0.001000-[4,0,3,10,7,2,6,9,1,5,8,]
11-26-0.026000-[4,0,3,10,7,5,2,9,1,6,8,]
11-22-0.025000-[3,10,7,5,1,9,6,0,2,4,8,]
11-14-0.014000-[4,2,0,9,6,8,3,1,7,5,10,]
11-10-0.008000-[3,1,8,2,9,7,10,4,6,0,5,]
11-29-0.030000-[6,0,5,8,4,7,10,2,9,1,3,]
11-9-0.008000-[6,3,0,8,1,4,7,10,2,9,5,]
11-42-0.041000-[2,5,9,0,3,8,4,7,1,10,6,]
11-2-0.003000-[4,2,8,10,3,0,6,9,1,5,7,]
11-27-0.024000-[9,4,0,7,3,10,8,1,5,2,6,]
11-44-0.036000-[3,1,6,10,5,0,8,4,2,7,9,]
11-2-0.002000-[6,2,10,5,1,8,4,7,3,0,9,]
11-6-0.007000-[2,4,9,3,8,10,1,6,0,5,7,]
11-20-0.018000-[0,6,4,7,10,8,3,1,9,2,5,]
11-2-0.002000-[10,2,5,1,9,0,8,4,7,3,6,]
11-16-0.014000-[5,3,6,9,2,8,1,4,7,10,0,]
11-16-0.016000-[3,5,2,8,10,7,4,1,9,0,6,]
11-11-0.011000-[8,2,9,1,10,5,3,0,7,4,6,]
11-15-0.013000-[1,9,7,3,8,2,5,10,0,4,6,]
11-24-0.021000-[0,3,8,6,9,1,10,5,7,2,4,]
11-30-0.029000-[6,3,0,8,1,4,7,10,2,9,5,]
11-33-0.028000-[2,10,5,9,4,0,7,3,1,6,8,]
11-22-0.015000-[1,7,4,8,3,9,6,10,2,0,5,]
11-14-0.011000-[5,10,4,6,0,9,1,8,2,7,3,]
11-57-0.050000-[5,8,4,7,10,2,9,6,0,3,1,]
11-86-0.082000-[1,6,8,5,0,9,3,10,7,4,2,]
11-22-0.020000-[0,3,6,10,7,2,4,8,1,5,9,]
11-42-0.039000-[2,5,10,4,0,3,9,6,8,1,7,]
11-7-0.006000-[0,4,8,1,5,9,2,6,10,3,7,]
11-1-0.001000-[4,10,7,0,3,8,2,9,6,1,5,]
11-16-0.013000-[4,8,1,3,9,7,2,0,6,10,5,]
11-7-0.007000-[9,3,1,10,7,0,2,5,8,6,4,]
11-61-0.057000-[10,3,7,4,2,0,9,6,8,5,1,]
11-9-0.007000-[8,3,1,6,9,2,0,7,4,10,5,]
11-61-0.049000-[0,5,7,10,6,3,1,8,4,2,9,]
11-10-0.007000-[4,9,3,8,2,7,1,10,5,0,6,]
11-35-0.025000-[1,4,6,10,0,5,3,9,7,2,8,]
11-5-0.005000-[0,6,4,7,10,8,3,1,9,2,5,]
11-2-0.002000-[2,4,1,7,10,3,0,8,5,9,6,]
11-2-0.002000-[4,0,8,6,1,10,7,9,3,5,2,]
11-2-0.002000-[3,8,2,7,1,10,0,5,9,4,6,]
11-6-0.007000-[4,8,5,2,10,7,0,3,9,6,1,]
11-18-0.014000-[4,2,7,9,6,3,0,10,8,5,1,]
11-13-0.009000-[8,2,9,7,0,4,1,5,10,6,3,]
11-7-0.005000-[9,7,5,3,1,10,8,6,4,2,0,]
11-16-0.011000-[7,4,0,5,9,6,10,3,1,8,2,]
11-14-0.009000-[2,6,10,1,7,5,3,8,0,4,9,]
11-23-0.016000-[9,2,5,3,1,10,8,6,4,7,0,]
11-23-0.016000-[9,5,3,1,6,10,2,0,8,4,7,]
11-5-0.004000-[5,8,6,3,10,7,9,0,2,4,1,]
11-1-0.001000-[5,2,8,6,0,9,1,4,7,3,10,]
11-22-0.016000-[4,0,7,5,10,8,1,3,9,6,2,]
11-98-0.077000-[4,0,9,3,6,8,2,5,1,10,7,]
11-45-0.030000-[1,4,9,7,2,10,8,0,5,3,6,]
11-6-0.005000-[8,5,0,4,10,7,3,6,2,9,1,]
11-7-0.006000-[5,0,9,6,2,7,1,3,8,10,4,]
11-7-0.007000-[8,5,0,4,10,7,3,6,2,9,1,]
11-9-0.008000-[3,7,0,10,5,9,1,4,2,8,6,]
11-11-0.010000-[8,0,3,6,9,5,1,4,10,7,2,]
11-24-0.021000-[5,2,8,6,0,9,1,4,10,7,3,]
11-41-0.037000-[5,8,6,1,7,2,0,3,10,4,9,]
11-9-0.009000-[2,8,10,7,1,3,5,0,9,4,6,]
11-11-0.011000-[1,3,7,10,2,9,6,4,0,8,5,]
11-43-0.039000-[5,7,1,3,0,8,10,2,9,6,4,]
11-8-0.007000-[6,2,10,7,0,3,8,4,1,9,5,]
11-7-0.006000-[3,5,8,10,1,6,2,9,7,0,4,]
11-122-0.110000-[1,3,8,6,9,0,10,5,7,2,4,]
11-4-0.004000-[7,5,1,6,10,0,2,4,9,3,8,]
11-53-0.045000-[6,10,1,5,0,9,4,2,8,3,7,]
11-1-0.000000-[0,3,6,9,1,4,7,10,2,5,8,]
11-9-0.008000-[8,4,0,7,10,1,3,6,9,2,5,]
11-1-0.001000-[7,4,10,5,9,1,3,8,6,2,0,]
11-42-0.039000-[4,9,0,6,3,10,7,1,8,5,2,]
11-11-0.010000-[5,9,4,1,8,6,2,10,7,0,3,]
11-5-0.004000-[0,6,10,5,7,1,3,8,2,4,9,]
11-9-0.007000-[1,5,2,10,7,3,8,0,4,6,9,]
11-24-0.024000-[0,6,9,7,2,8,3,1,4,10,5,]
11-25-0.024000-[2,7,3,10,0,9,6,4,1,8,5,]
11-9-0.012000-[4,2,0,3,10,7,9,1,5,8,6,]
11-57-0.064000-[1,3,7,0,10,5,9,6,4,2,8,]
11-29-0.032000-[4,9,5,2,10,1,6,8,0,7,3,]
11-4-0.003000-[9,1,3,0,7,10,8,5,2,4,6,]
11-3-0.003000-[1,6,9,3,0,4,8,10,5,7,2,]
11-14-0.014000-[4,9,0,5,3,1,7,10,8,6,2,]
11-18-0.016000-[8,6,1,3,0,7,9,2,5,10,4,]
11-24-0.024000-[3,1,8,2,5,10,0,9,6,4,7,]
11-16-0.015000-[5,0,4,10,8,2,9,7,3,1,6,]
11-14-0.014000-[6,1,9,2,5,7,10,3,0,4,8,]
11-27-0.022000-[4,0,8,5,1,10,6,2,9,7,3,]
11-1-0.001000-[6,10,1,5,8,2,4,7,9,0,3,]
11-71-0.062000-[3,0,7,10,4,2,8,5,9,1,6,]
11-50-0.040000-[0,5,3,9,7,2,4,1,10,8,6,]
11-37-0.034000-[10,5,1,9,0,3,7,2,8,6,4,]
11-10-0.008000-[1,9,5,10,2,0,8,4,7,3,6,]
11-17-0.013000-[5,0,4,10,8,3,1,7,9,2,6,]
11-2-0.003000-[2,9,7,1,3,8,6,4,0,10,5,]
11-5-0.005000-[5,9,6,0,3,1,7,10,8,2,4,]
11-60-0.053000-[5,2,6,1,10,7,9,4,8,0,3,]
11-20-0.019000-[2,6,3,10,0,4,9,5,8,1,7,]
11-26-0.023000-[4,0,3,9,7,10,8,2,5,1,6,]
11-35-0.033000-[3,8,2,7,1,10,0,5,9,4,6,]
11-98-0.095000-[7,3,1,6,9,0,10,4,2,5,8,]
11-4-0.004000-[2,7,3,10,0,9,6,4,1,8,5,]
11-50-0.038000-[1,5,7,10,0,2,6,9,3,8,4,]
11-12-0.012000-[8,2,9,7,0,4,1,5,10,6,3,]
11-2-0.001000-[3,8,2,4,1,9,0,6,10,7,5,]
11-22-0.024000-[7,4,8,0,2,10,6,1,9,5,3,]
11-12-0.010000-[2,6,8,10,4,1,9,5,3,0,7,]
11-6-0.005000-[10,0,3,6,9,2,8,1,4,7,5,]
11-19-0.016000-[7,4,8,0,5,9,2,6,10,3,1,]
11-39-0.036000-[5,2,6,9,3,8,0,4,1,7,10,]
11-1-0.001000-[4,6,8,0,2,7,9,1,3,5,10,]
11-19-0.015000-[4,1,9,5,3,8,0,2,6,10,7,]
11-21-0.017000-[2,9,1,8,5,0,10,7,4,6,3,]
11-5-0.004000-[2,0,7,4,1,8,10,3,6,9,5,]
11-14-0.010000-[7,9,4,6,10,0,2,8,5,3,1,]
11-1-0.001000-[4,0,8,5,2,10,1,7,9,3,6,]
11-4-0.003000-[1,4,7,10,8,5,2,0,3,6,9,]
11-18-0.012000-[7,2,10,5,9,4,0,3,8,6,1,]
11-29-0.021000-[4,7,5,0,2,10,8,6,9,3,1,]
11-46-0.035000-[4,7,1,8,2,5,9,0,10,3,6,]
11-40-0.028000-[9,2,8,3,0,10,5,1,6,4,7,]
11-45-0.033000-[5,7,10,3,0,8,4,2,9,6,1,]
11-2-0.001000-[6,2,7,10,1,9,4,0,8,3,5,]
11-38-0.033000-[5,7,4,0,3,8,10,2,6,9,1,]
11-13-0.013000-[9,4,1,7,10,3,0,8,5,2,6,]
11-14-0.010000-[6,1,7,4,0,3,8,10,5,2,9,]
11-35-0.024000-[1,3,6,8,10,5,0,2,4,7,9,]
11-29-0.022000-[3,8,6,1,10,5,0,9,4,2,7,]
11-57-0.055000-[3,10,6,1,9,2,0,7,4,8,5,]
11-26-0.025000-[4,9,0,3,10,7,1,8,5,2,6,]
11-52-0.044000-[5,0,6,9,7,2,8,3,1,4,10,]
11-6-0.005000-[3,5,10,8,1,4,7,0,2,9,6,]
11-11-0.010000-[6,2,5,8,0,9,3,1,7,4,10,]
11-6-0.007000-[4,6,9,5,1,8,0,3,7,10,2,]
11-1-0.001000-[1,9,5,8,2,0,10,7,4,6,3,]
11-8-0.006000-[4,9,0,5,3,1,7,10,8,6,2,]
11-26-0.025000-[1,4,2,0,9,7,10,3,6,8,5,]
11-62-0.053000-[1,4,6,9,3,10,0,2,8,5,7,]
11-4-0.003000-[4,2,5,9,6,10,3,7,0,8,1,]
11-57-0.052000-[1,8,5,0,4,7,10,3,6,2,9,]
11-30-0.027000-[3,9,7,1,10,2,5,8,0,4,6,]
11-28-0.027000-[7,2,8,3,9,0,10,5,1,6,4,]
11-17-0.016000-[4,9,0,3,7,2,8,6,1,10,5,]
11-12-0.012000-[10,3,1,6,4,9,0,8,5,7,2,]
11-30-0.026000-[5,9,6,3,0,2,8,10,7,4,1,]
11-22-0.021000-[8,2,0,3,9,7,5,10,1,6,4,]
11-14-0.014000-[1,3,7,0,8,5,2,10,6,4,9,]
11-37-0.033000-[3,1,10,5,9,4,0,8,6,2,7,]
11-75-0.079000-[6,0,5,7,9,3,8,2,4,10,1,]
11-5-0.005000-[0,3,8,6,9,1,10,5,7,2,4,]
11-5-0.005000-[4,8,0,3,9,6,1,10,7,5,2,]
11-17-0.014000-[7,5,0,6,1,10,2,9,3,8,4,]
11-14-0.011000-[1,9,4,6,3,0,10,7,5,2,8,]
11-18-0.014000-[4,7,0,8,1,5,9,2,10,3,6,]
11-33-0.035000-[5,8,0,9,4,2,7,10,3,1,6,]
11-29-0.032000-[3,9,4,2,10,6,1,5,8,0,7,]
11-8-0.007000-[4,9,7,3,1,6,2,0,10,8,5,]
11-7-0.007000-[6,3,7,2,4,8,10,0,9,1,5,]
11-16-0.017000-[0,4,8,1,5,9,2,6,10,3,7,]
11-6-0.008000-[1,5,7,10,3,0,8,4,2,9,6,]
11-15-0.010000-[1,3,7,10,2,5,9,4,0,8,6,]
11-5-0.003000-[9,4,0,7,3,10,8,1,5,2,6,]
11-1-0.000000-[7,2,4,9,0,5,10,1,3,6,8,]
11-12-0.010000-[0,3,6,10,7,2,4,8,1,5,9,]
11-7-0.006000-[6,4,10,0,3,5,8,2,9,7,1,]
11-21-0.018000-[2,8,6,3,9,0,4,10,7,5,1,]
11-9-0.009000-[8,2,4,6,0,10,1,7,5,3,9,]
11-8-0.008000-[4,1,7,9,6,2,0,10,3,5,8,]
11-6-0.006000-[6,1,5,2,9,3,10,8,4,0,7,]
11-12-0.009000-[4,2,0,9,7,5,3,1,10,8,6,]
11-66-0.060000-[9,7,0,4,8,1,5,10,2,6,3,]
11-90-0.088000-[4,7,0,8,3,1,6,9,2,10,5,]
11-4-0.005000-[4,7,0,8,6,1,9,2,5,3,10,]
11-7-0.006000-[5,0,8,1,4,7,10,2,9,6,3,]
11-1-0.001000-[2,7,10,4,1,8,0,3,6,9,5,]
11-12-0.012000-[4,7,1,6,9,2,0,8,3,5,10,]
11-7-0.009000-[4,9,3,8,2,7,1,6,0,5,10,]
11-15-0.013000-[6,3,0,7,9,4,1,10,8,5,2,]
11-36-0.040000-[7,3,10,8,4,9,0,2,5,1,6,]
11-33-0.030000-[6,2,5,10,8,0,3,9,7,1,4,]
11-59-0.062000-[1,8,5,0,2,7,10,6,3,9,4,]
11-67-0.074000-[1,6,10,2,4,8,0,9,3,5,7,]
11-4-0.004000-[5,3,1,10,8,2,4,7,9,0,6,]
11-12-0.011000-[2,8,3,9,4,10,5,0,6,1,7,]
11-8-0.008000-[6,0,9,4,1,8,2,7,10,3,5,]
11-6-0.006000-[5,1,6,9,7,2,4,8,10,0,3,]
11-47-0.042000-[4,7,9,0,2,5,8,10,1,3,6,]
11-52-0.057000-[7,9,1,8,0,3,6,2,5,10,4,]
11-15-0.013000-[5,2,9,7,0,4,1,10,8,6,3,]
11-124-0.190000-[2,4,8,1,9,6,3,0,7,5,10,]
11-42-0.051000-[7,0,2,5,8,1,9,4,6,10,3,]
11-20-0.033000-[1,7,5,2,8,10,3,9,6,4,0,]
11-6-0.006000-[5,9,6,0,2,4,7,10,8,3,1,]
11-6-0.006000-[3,7,10,4,1,9,0,6,8,2,5,]
11-1-0.001000-[9,4,6,10,2,5,8,0,7,3,1,]
11-6-0.006000-[6,3,5,7,9,0,2,4,1,8,10,]
11-14-0.020000-[7,4,8,0,2,10,6,1,3,5,9,]
11-4-0.006000-[2,8,5,3,10,0,7,1,4,6,9,]
11-50-0.063000-[4,7,9,2,6,10,1,5,8,0,3,]
11-3-0.003000-[6,4,10,5,0,9,3,8,2,7,1,]
11-26-0.025000-[0,6,4,7,10,3,9,2,5,8,1,]
11-53-0.067000-[9,7,3,1,6,10,5,0,8,4,2,]
11-22-0.024000-[2,5,8,1,7,10,3,6,0,9,4,]
11-16-0.019000-[4,7,1,6,9,2,0,3,8,10,5,]
11-12-0.012000-[10,3,6,2,5,1,9,0,8,4,7,]
11-6-0.006000-[3,6,4,10,0,9,5,2,8,1,7,]
11-3-0.002000-[4,1,8,10,5,7,2,0,3,6,9,]
11-46-0.052000-[3,7,0,2,9,5,8,4,1,10,6,]
11-2-0.002000-[10,3,1,8,5,2,9,7,0,4,6,]
11-3-0.003000-[10,0,6,4,1,7,9,2,8,5,3,]
11-18-0.017000-[6,3,5,2,8,10,7,4,1,9,0,]
11-3-0.003000-[0,5,3,9,7,2,4,1,10,8,6,]
11-32-0.033000-[1,3,7,10,4,0,9,5,2,8,6,]
11-3-0.003000-[4,8,0,9,6,2,7,1,3,5,10,]
11-66-0.076000-[7,5,8,2,0,3,6,9,1,10,4,]
11-6-0.006000-[5,8,2,0,10,6,9,1,4,7,3,]
11-7-0.008000-[7,0,10,1,5,8,2,9,3,6,4,]
11-55-0.070000-[1,7,2,10,6,4,9,0,3,5,8,]
11-6-0.005000-[1,5,7,10,3,0,8,4,2,9,6,]
11-8-0.007000-[2,5,7,10,4,0,9,3,6,8,1,]
11-23-0.023000-[9,2,8,10,3,1,6,4,0,7,5,]
11-3-0.004000-[7,2,8,3,9,4,10,5,0,6,1,]
11-5-0.005000-[1,3,10,8,4,0,9,6,2,5,7,]
11-50-0.051000-[5,7,0,3,8,2,9,6,10,1,4,]
11-32-0.032000-[0,4,6,8,10,2,7,9,1,3,5,]
11-32-0.031000-[5,0,2,7,10,8,1,4,9,3,6,]
11-4-0.004000-[8,2,7,1,10,5,0,9,4,6,3,]
11-3-0.003000-[0,7,4,8,5,9,1,10,2,6,3,]
11-1-0.000000-[9,2,5,8,10,1,4,6,0,3,7,]
11-16-0.014000-[5,0,2,9,6,3,10,8,1,4,7,]
11-42-0.040000-[4,6,9,5,10,1,7,2,8,3,0,]
11-25-0.020000-[5,3,0,7,10,2,6,8,1,4,9,]
11-16-0.015000-[2,4,6,8,10,1,3,0,9,7,5,]
11-16-0.014000-[3,9,6,10,5,2,0,7,4,8,1,]
11-23-0.023000-[7,3,6,9,1,4,0,10,8,2,5,]
11-55-0.051000-[6,4,2,10,8,3,1,9,7,5,0,]
11-4-0.004000-[1,5,7,9,3,0,2,10,8,6,4,]
11-41-0.037000-[1,8,2,0,7,9,4,6,10,3,5,]
11-15-0.014000-[10,7,2,4,1,9,0,5,3,8,6,]
11-5-0.004000-[4,6,8,3,5,0,9,1,10,2,7,]
11-41-0.035000-[1,4,7,10,2,9,6,3,0,8,5,]
11-28-0.025000-[3,7,0,8,6,1,10,2,5,9,4,]
11-8-0.009000-[5,1,4,7,0,2,9,6,3,10,8,]
11-29-0.026000-[3,6,9,2,10,5,0,8,1,4,7,]
11-37-0.032000-[6,9,5,10,1,7,2,8,3,0,4,]
11-37-0.033000-[5,10,2,9,6,3,0,8,1,4,7,]
11-6-0.004000-[5,3,9,0,8,4,1,7,2,10,6,]
11-22-0.021000-[4,10,3,6,9,7,2,0,8,1,5,]
11-28-0.028000-[4,0,9,3,6,8,2,5,1,10,7,]
11-12-0.012000-[0,6,8,10,2,4,9,1,3,5,7,]
11-24-0.023000-[10,5,3,1,7,2,6,9,0,8,4,]
11-9-0.007000-[5,2,6,3,0,8,1,4,10,7,9,]
11-82-0.073000-[3,6,4,9,5,0,10,7,2,8,1,]
11-3-0.002000-[5,0,4,1,10,6,9,2,8,3,7,]
11-8-0.008000-[7,1,3,6,0,10,8,5,2,4,9,]
11-19-0.016000-[1,9,6,3,0,4,8,10,5,7,2,]
11-1-0.000000-[7,4,8,0,5,1,10,6,3,9,2,]
11-6-0.006000-[1,4,8,5,3,10,0,2,6,9,7,]
11-19-0.019000-[1,6,9,5,2,0,10,7,4,8,3,]
11-1-0.001000-[4,7,9,2,6,10,1,5,8,0,3,]
11-12-0.011000-[4,10,5,0,6,1,7,2,8,3,9,]
11-15-0.017000-[5,3,8,0,4,1,7,10,6,2,9,]
11-1-0.001000-[5,2,8,6,0,9,1,4,7,3,10,]
11-3-0.004000-[3,6,0,5,1,9,7,2,4,8,10,]
11-24-0.020000-[2,9,7,3,1,6,10,5,0,8,4,]
11-2-0.002000-[4,7,0,10,1,5,8,2,9,3,6,]
11-34-0.030000-[1,7,9,3,8,2,4,6,10,0,5,]
11-25-0.021000-[8,2,9,7,0,4,1,5,10,6,3,]
11-2-0.002000-[5,3,1,10,7,9,0,2,4,6,8,]
11-2-0.002000-[6,4,7,0,8,3,1,9,2,5,10,]
11-17-0.015000-[2,10,3,6,9,1,4,7,0,8,5,]
11-3-0.002000-[7,4,10,5,9,1,3,8,6,2,0,]
11-19-0.017000-[3,7,10,4,9,5,0,2,6,8,1,]
11-22-0.019000-[5,10,6,9,2,8,3,0,7,1,4,]
11-19-0.013000-[1,4,10,8,3,5,2,9,6,0,7,]
11-82-0.068000-[4,0,3,10,7,2,8,5,1,9,6,]
11-45-0.042000-[3,7,4,10,0,5,1,8,6,2,9,]
11-26-0.025000-[2,7,10,4,9,0,5,3,1,6,8,]
11-101-0.092000-[7,4,10,0,2,6,8,3,1,9,5,]
11-1-0.001000-[7,5,8,2,0,10,3,9,6,4,1,]
11-5-0.007000-[1,6,2,10,7,3,0,9,4,8,5,]
11-39-0.038000-[3,0,9,5,8,2,4,7,1,10,6,]
11-50-0.046000-[3,8,0,7,10,2,5,1,9,4,6,]
11-1-0.001000-[9,4,6,3,0,2,8,5,7,10,1,]
11-14-0.014000-[3,7,0,4,8,1,5,9,2,6,10,]
11-9-0.006000-[0,2,7,10,6,1,9,5,3,8,4,]
11-19-0.017000-[9,1,3,8,10,2,0,6,4,7,5,]
11-1-0.001000-[10,5,3,1,7,2,6,9,0,8,4,]
11-2-0.001000-[9,6,10,0,4,1,5,8,2,7,3,]
11-4-0.005000-[10,0,3,6,9,2,8,1,4,7,5,]
11-48-0.041000-[3,0,4,7,1,10,6,2,9,5,8,]
11-41-0.039000-[8,0,3,6,9,5,1,4,10,7,2,]
11-13-0.011000-[4,10,3,6,9,7,2,0,8,1,5,]
11-24-0.020000-[3,7,0,2,6,1,10,8,5,9,4,]
11-3-0.003000-[8,4,2,10,6,1,3,0,9,7,5,]
11-2-0.002000-[10,2,5,1,9,0,8,4,7,3,6,]
11-8-0.006000-[6,10,7,2,8,3,9,0,5,1,4,]
11-7-0.008000-[9,2,5,10,4,7,0,3,6,8,1,]
11-1-0.001000-[4,8,0,3,9,6,1,10,7,5,2,]
11-25-0.022000-[7,0,8,6,1,10,2,5,3,9,4,]
11-23-0.020000-[0,4,8,5,9,1,10,2,6,3,7,]
11-1-0.001000-[9,2,6,10,7,1,4,0,8,3,5,]
11-7-0.007000-[0,5,8,2,7,10,3,1,9,4,6,]
11-5-0.005000-[7,3,1,6,9,0,10,4,2,5,8,]
11-25-0.020000-[3,9,2,4,1,7,10,6,0,5,8,]
11-13-0.012000-[4,6,8,10,2,0,3,9,7,5,1,]
11-18-0.015000-[2,7,1,4,9,5,0,10,3,6,8,]
11-4-0.003000-[7,0,3,5,9,1,4,10,8,6,2,]
11-32-0.025000-[3,6,10,7,2,0,5,8,1,9,4,]
11-3-0.003000-[2,8,6,9,3,0,4,7,5,10,1,]
11-57-0.053000-[2,6,9,7,1,4,0,10,8,5,3,]
11-18-0.018000-[4,10,1,6,9,2,8,3,0,7,5,]
11-5-0.004000-[10,4,9,3,0,2,7,1,6,8,5,]
11-14-0.012000-[6,4,0,8,3,5,2,9,1,10,7,]
11-2-0.002000-[4,10,3,6,9,1,8,0,2,7,5,]
11-8-0.008000-[5,7,0,3,8,6,9,2,10,1,4,]
11-23-0.020000-[3,6,0,5,1,9,7,2,4,8,10,]
11-6-0.005000-[0,7,4,8,5,9,1,10,2,6,3,]
11-10-0.009000-[3,5,8,10,4,6,1,9,7,0,2,]
11-10-0.009000-[4,8,5,0,6,10,2,7,9,3,1,]
11-48-0.046000-[2,4,7,10,0,5,1,8,6,3,9,]
11-5-0.004000-[0,8,5,2,9,7,4,1,3,10,6,]
11-10-0.011000-[6,10,5,0,8,4,2,7,9,1,3,]
11-2-0.002000-[10,3,7,4,8,0,9,1,5,2,6,]
11-10-0.012000-[7,3,0,6,1,9,5,8,2,4,10,]
11-2-0.003000-[5,2,4,7,10,8,6,1,3,0,9,]
11-7-0.006000-[3,5,8,10,1,6,2,9,7,0,4,]
11-12-0.010000-[9,4,6,1,10,5,7,0,3,8,2,]
11-16-0.013000-[5,2,6,3,10,8,1,9,4,0,7,]
11-26-0.021000-[4,10,5,2,6,3,0,8,1,9,7,]
11-10-0.009000-[6,10,5,2,0,7,3,1,9,4,8,]
11-33-0.032000-[2,6,3,9,0,4,10,7,5,1,8,]
11-10-0.008000-[7,0,3,6,8,1,4,9,5,2,10,]
11-4-0.004000-[5,2,6,1,10,4,9,0,8,3,7,]
11-24-0.021000-[4,2,9,6,3,10,8,1,5,7,0,]
11-60-0.050000-[9,7,3,10,2,5,8,0,4,6,1,]
11-89-0.077000-[5,9,2,6,10,7,1,4,0,8,3,]
11-1-0.001000-[1,6,10,7,0,3,9,2,5,8,4,]
11-37-0.034000-[7,0,3,5,9,1,4,10,8,6,2,]
11-42-0.037000-[5,0,10,1,7,9,3,8,2,4,6,]
11-37-0.026000-[9,4,6,3,10,7,1,8,5,2,0,]
11-24-0.022000-[6,9,5,10,0,4,8,1,3,7,2,]
11-5-0.004000-[3,7,2,8,1,4,0,9,6,10,5,]
11-11-0.015000-[3,5,8,10,4,6,1,9,7,0,2,]
11-41-0.043000-[4,8,10,2,7,5,1,9,0,6,3,]
11-88-0.080000-[8,4,0,3,10,7,5,2,9,1,6,]
11-10-0.011000-[2,7,5,1,8,4,0,3,9,6,10,]
11-13-0.013000-[6,4,0,8,3,5,2,9,1,10,7,]
11-40-0.042000-[5,1,6,9,0,4,8,10,2,7,3,]
11-67-0.071000-[2,5,3,9,7,10,1,6,8,0,4,]
11-11-0.010000-[2,6,9,3,1,4,7,10,0,5,8,]
11-69-0.060000-[6,3,9,4,1,8,10,7,2,0,5,]
11-10-0.008000-[8,3,0,6,10,1,7,4,2,9,5,]
11-2-0.002000-[9,7,4,0,8,6,1,10,2,5,3,]
11-32-0.027000-[3,0,8,4,9,7,10,1,6,2,5,]
11-2-0.001000-[4,2,8,6,1,3,0,9,7,5,10,]
11-4-0.003000-[3,10,2,4,9,0,8,5,7,1,6,]
11-45-0.047000-[4,6,8,10,1,3,0,7,9,2,5,]
11-1-0.002000-[8,6,1,3,7,0,4,9,5,10,2,]
11-11-0.011000-[8,0,3,6,9,7,1,4,2,5,10,]
11-3-0.003000-[7,3,10,8,1,5,2,6,9,0,4,]
11-30-0.025000-[2,7,1,6,8,10,0,4,9,5,3,]
11-34-0.031000-[4,2,0,9,6,8,3,1,7,5,10,]
11-3-0.003000-[5,10,8,0,4,1,7,2,6,3,9,]
11-12-0.010000-[8,5,3,1,9,2,6,10,7,0,4,]
11-15-0.012000-[9,4,10,0,2,5,7,1,3,8,6,]
11-5-0.004000-[1,3,7,10,4,9,5,0,2,6,8,]
11-23-0.024000-[0,6,3,9,7,1,10,2,5,8,4,]
11-9-0.009000-[6,8,3,7,0,2,9,5,10,4,1,]
11-11-0.011000-[3,6,9,2,8,1,4,7,10,0,5,]
11-7-0.008000-[9,3,1,4,8,10,0,7,5,2,6,]
11-11-0.013000-[5,3,0,7,10,2,6,8,1,4,9,]
11-9-0.009000-[0,8,4,1,7,2,10,6,9,3,5,]
11-46-0.040000-[8,0,5,1,6,10,3,7,9,4,2,]
11-30-0.028000-[1,3,5,8,2,0,10,6,4,9,7,]
11-1-0.001000-[6,3,0,10,5,2,9,7,4,8,1,]
11-5-0.004000-[7,2,10,5,9,4,0,3,8,6,1,]
11-2-0.002000-[7,4,8,0,5,1,10,6,3,9,2,]
11-9-0.007000-[0,6,1,7,10,8,3,9,4,2,5,]
11-28-0.024000-[9,1,5,8,2,7,10,3,0,6,4,]
11-37-0.030000-[4,0,5,8,10,1,6,2,9,7,3,]
11-31-0.024000-[4,2,8,5,1,10,6,0,3,7,9,]
11-51-0.037000-[9,6,3,10,8,1,4,7,0,2,5,]
11-37-0.026000-[3,6,9,1,4,0,10,8,2,5,7,]
11-24-0.018000-[8,5,1,9,6,2,7,10,3,0,4,]
11-18-0.011000-[5,0,6,3,10,8,1,9,4,2,7,]
11-22-0.015000-[9,1,3,5,8,2,0,10,7,4,6,]
11-59-0.047000-[1,8,2,0,6,9,5,10,4,7,3,]
11-40-0.027000-[8,1,7,9,3,0,4,10,5,2,6,]
11-42-0.029000-[9,3,6,2,10,5,0,8,4,7,1,]
11-28-0.021000-[3,6,8,10,2,0,5,1,4,9,7,]
11-5-0.004000-[5,9,4,0,7,3,1,6,8,10,2,]
11-16-0.011000-[6,1,7,5,3,0,9,4,2,10,8,]
11-27-0.025000-[4,10,8,6,1,3,0,9,7,5,2,]
11-10-0.010000-[5,9,2,0,3,7,10,8,6,4,1,]
11-13-0.012000-[6,10,7,1,4,0,9,3,5,8,2,]
11-47-0.040000-[6,3,0,4,8,10,2,7,5,1,9,]
11-15-0.010000-[1,4,8,5,3,10,0,2,6,9,7,]
11-34-0.026000-[2,10,8,6,3,1,7,5,0,9,4,]
11-16-0.013000-[4,9,1,3,7,2,8,5,0,10,6,]
11-13-0.010000-[4,1,7,9,3,0,8,10,5,2,6,]
11-13-0.010000-[7,4,1,8,5,9,0,3,10,6,2,]
11-46-0.044000-[3,9,7,1,10,2,5,8,0,4,6,]
11-37-0.033000-[4,9,0,3,7,2,8,6,1,10,5,]
11-23-0.021000-[1,3,7,0,10,5,9,6,4,2,8,]
11-5-0.004000-[3,8,2,4,1,9,0,6,10,7,5,]
11-49-0.037000-[8,5,3,10,0,4,1,9,6,2,7,]
11-17-0.015000-[9,2,8,5,3,0,10,7,4,6,1,]
11-2-0.002000-[6,1,9,2,5,10,8,3,0,4,7,]
11-78-0.063000-[7,5,2,6,1,10,8,3,0,4,9,]
11-9-0.005000-[7,0,8,3,5,10,2,9,6,4,1,]
11-7-0.005000-[4,0,8,3,9,6,2,10,1,7,5,]
11-10-0.008000-[6,4,9,5,8,10,1,7,2,0,3,]
11-7-0.006000-[9,4,6,0,10,1,5,8,2,7,3,]
11-13-0.011000-[0,3,8,6,9,1,10,5,7,2,4,]
11-20-0.019000-[9,2,8,10,4,1,5,0,6,3,7,]
11-2-0.002000-[6,3,7,2,4,8,10,0,9,5,1,]
11-33-0.027000-[7,2,6,9,1,8,5,3,10,0,4,]
11-87-0.154000-[1,3,6,10,2,4,9,0,8,5,7,]
11-40-0.030000-[2,7,9,3,0,8,10,5,1,6,4,]
11-6-0.005000-[4,8,10,0,2,6,1,9,7,5,3,]
11-21-0.016000-[7,3,1,6,9,5,10,8,0,2,4,]
11-10-0.008000-[7,5,0,6,1,10,2,9,3,8,4,]
11-6-0.006000-[9,4,6,10,2,5,8,0,7,3,1,]
11-17-0.014000-[9,1,8,4,7,0,2,5,10,6,3,]
11-11-0.010000-[10,7,2,4,1,9,0,5,3,8,6,]
11-102-0.088000-[6,4,1,5,0,2,10,7,9,3,8,]
11-10-0.009000-[2,10,5,1,8,4,0,7,9,6,3,]
11-3-0.003000-[7,0,4,1,9,6,3,10,8,5,2,]
11-16-0.010000-[3,7,2,8,1,4,0,9,6,10,5,]
11-4-0.003000-[4,7,1,6,9,2,0,3,8,10,5,]
11-15-0.014000-[2,5,8,6,1,10,7,0,3,9,4,]
11-2-0.001000-[3,8,2,7,1,10,0,5,9,4,6,]
11-16-0.014000-[6,8,3,1,7,10,2,0,5,9,4,]
11-29-0.024000-[2,6,9,7,1,4,0,10,8,5,3,]
11-1-0.001000-[4,10,5,3,1,7,2,6,9,0,8,]
11-3-0.003000-[5,0,4,10,8,2,9,7,3,1,6,]
11-7-0.004000-[3,1,7,9,6,0,10,8,5,2,4,]
11-10-0.008000-[6,0,3,10,7,2,8,1,4,9,5,]
11-42-0.034000-[4,6,10,3,7,0,2,9,5,1,8,]
11-34-0.021000-[8,2,5,7,10,0,3,6,4,9,1,]
11-45-0.034000-[2,5,10,0,7,4,1,8,6,9,3,]
11-1-0.001000-[4,0,8,5,1,10,6,2,9,7,3,]
11-3-0.002000-[1,5,7,10,4,0,9,3,6,8,2,]
11-33-0.026000-[4,7,9,3,1,10,8,5,2,0,6,]
11-8-0.009000-[4,7,10,6,2,0,8,3,5,9,1,]
11-7-0.007000-[5,1,6,9,2,4,8,0,3,10,7,]
11-25-0.019000-[3,10,6,4,9,1,8,5,2,0,7,]
11-34-0.028000-[8,4,0,9,5,1,10,7,2,6,3,]
11-52-0.035000-[9,7,5,3,1,10,8,6,4,2,0,]
11-5-0.005000-[9,2,8,1,4,10,0,6,3,5,7,]
11-2-0.002000-[3,10,7,1,6,0,2,8,5,9,4,]
11-16-0.015000-[4,9,3,5,2,10,1,6,8,0,7,]
11-38-0.030000-[5,8,1,4,0,9,6,10,2,7,3,]
11-57-0.039000-[1,3,7,10,4,9,5,0,2,6,8,]
11-4-0.003000-[6,3,5,7,9,0,2,4,1,10,8,]
11-26-0.019000-[7,0,6,1,5,10,8,4,2,9,3,]
11-3-0.002000-[3,5,7,9,0,2,4,6,8,10,1,]
11-12-0.010000-[6,3,7,10,4,0,9,5,2,8,1,]
11-34-0.022000-[3,6,10,5,1,4,0,7,9,2,8,]
11-7-0.005000-[5,2,9,6,3,1,10,7,0,4,8,]
11-44-0.035000-[6,9,2,5,1,10,7,0,3,8,4,]
11-4-0.004000-[10,5,2,9,1,3,8,0,7,4,6,]
11-31-0.023000-[6,4,9,1,8,2,7,3,10,0,5,]
11-20-0.016000-[4,7,3,0,6,10,1,5,8,2,9,]
11-8-0.007000-[5,9,2,0,7,4,1,8,10,3,6,]
11-19-0.016000-[4,6,1,9,7,5,8,2,0,10,3,]
11-20-0.019000-[6,10,3,5,8,2,9,7,1,4,0,]
11-20-0.022000-[2,7,1,6,0,5,10,4,9,3,8,]
11-14-0.014000-[7,2,8,3,9,0,10,5,1,6,4,]
11-3-0.003000-[8,5,2,9,3,0,7,4,10,1,6,]
11-23-0.018000-[3,9,6,4,10,7,0,2,5,8,1,]
11-31-0.031000-[5,0,4,1,10,6,9,2,8,3,7,]
11-22-0.019000-[3,6,9,2,10,5,0,8,1,4,7,]
11-24-0.021000-[6,0,7,4,1,9,2,10,8,3,5,]
11-28-0.035000-[3,1,8,2,5,10,0,9,6,4,7,]
11-14-0.014000-[5,2,10,3,6,8,1,4,0,7,9,]
11-4-0.005000-[1,4,6,8,10,2,0,5,7,9,3,]
11-35-0.037000-[4,6,1,3,7,0,2,9,5,10,8,]
11-1-0.001000-[4,9,7,3,1,8,5,0,6,10,2,]
11-6-0.008000-[5,1,4,7,10,2,9,6,0,3,8,]
11-12-0.009000-[3,6,9,2,8,1,4,7,0,10,5,]
11-4-0.004000-[10,4,1,3,8,2,7,9,6,0,5,]
11-38-0.033000-[1,3,7,0,10,5,9,6,4,2,8,]
11-5-0.005000-[9,5,3,1,6,10,2,0,8,4,7,]
11-11-0.011000-[6,4,0,7,3,10,8,2,5,9,1,]
11-80-0.085000-[3,5,9,1,6,4,2,0,8,10,7,]
11-33-0.036000-[9,7,2,4,1,10,0,6,3,5,8,]
11-16-0.014000-[4,10,8,3,1,7,2,6,9,0,5,]
11-45-0.048000-[4,8,0,9,6,2,7,1,3,5,10,]
11-4-0.004000-[1,3,8,6,2,10,5,0,4,9,7,]
11-9-0.011000-[5,1,9,6,2,7,10,3,0,8,4,]
11-14-0.018000-[3,1,6,8,10,2,7,9,4,0,5,]
11-24-0.026000-[7,0,8,6,1,10,2,5,3,9,4,]
11-2-0.002000-[0,7,9,4,6,1,10,2,5,3,8,]
11-26-0.029000-[4,6,8,10,2,0,5,9,1,3,7,]
11-1-0.001000-[2,4,8,0,5,10,6,1,3,7,9,]
11-31-0.031000-[1,9,7,10,4,2,0,5,3,8,6,]
11-45-0.045000-[9,7,4,2,0,5,10,8,6,3,1,]
11-16-0.014000-[0,7,9,2,5,8,1,3,10,6,4,]
11-89-0.098000-[5,0,4,6,10,3,1,8,2,9,7,]
11-4-0.004000-[6,0,7,1,4,8,10,3,9,2,5,]
11-8-0.008000-[4,6,1,9,2,8,3,7,0,10,5,]
11-32-0.025000-[9,7,5,2,8,10,0,3,6,4,1,]
11-38-0.042000-[6,0,3,8,4,9,1,10,5,7,2,]
11-1-0.001000-[10,3,6,9,2,4,7,0,8,5,1,]
11-2-0.002000-[2,6,10,3,0,9,7,4,1,8,5,]
11-10-0.010000-[6,8,2,4,9,7,10,1,3,5,0,]
11-3-0.003000-[7,5,1,9,6,0,3,10,8,2,4,]
11-47-0.045000-[4,7,9,0,2,5,1,8,10,3,6,]
11-24-0.022000-[6,3,10,8,1,4,7,0,2,9,5,]
11-2-0.001000-[4,7,10,3,1,6,9,0,2,5,8,]
11-26-0.023000-[3,9,2,4,8,10,0,6,1,5,7,]
11-70-0.064000-[6,10,3,5,0,2,9,7,1,4,8,]
11-9-0.008000-[9,4,6,8,10,2,0,5,7,1,3,]
11-4-0.005000-[5,7,1,3,6,8,10,4,9,0,2,]
11-45-0.040000-[1,9,7,2,4,8,10,0,6,3,5,]
11-11-0.011000-[2,10,6,9,3,0,4,8,1,5,7,]
11-38-0.043000-[3,6,4,7,10,0,2,8,5,9,1,]
11-2-0.002000-[6,1,9,2,5,10,8,3,0,4,7,]
11-39-0.037000-[5,8,6,3,10,7,9,0,2,4,1,]
11-4-0.004000-[9,4,1,8,2,5,7,0,10,3,6,]
11-44-0.044000-[1,8,2,0,6,9,5,10,4,7,3,]
11-13-0.013000-[7,9,3,5,10,8,0,2,4,6,1,]
11-32-0.030000-[2,8,1,9,0,5,7,10,3,6,4,]
11-7-0.007000-[8,2,9,1,10,5,3,0,7,4,6,]
11-12-0.012000-[1,7,2,8,3,9,0,5,10,4,6,]
11-54-0.049000-[7,3,1,6,9,5,10,8,0,2,4,]
11-22-0.020000-[5,8,10,0,2,6,1,3,7,9,4,]
11-9-0.007000-[8,3,5,10,1,4,0,7,9,2,6,]
11-3-0.003000-[2,6,8,10,7,1,3,5,0,9,4,]
11-23-0.022000-[9,4,0,7,3,10,8,1,5,2,6,]
11-21-0.021000-[5,7,2,0,8,4,1,9,6,10,3,]
11-16-0.014000-[4,0,7,3,1,8,2,9,6,10,5,]
11-2-0.002000-[5,2,8,1,4,7,10,0,3,6,9,]
11-6-0.006000-[3,5,7,4,10,0,6,9,2,8,1,]
11-49-0.044000-[0,5,10,4,9,3,8,2,7,1,6,]
11-27-0.025000-[4,6,8,10,5,0,2,9,7,3,1,]
11-21-0.017000-[3,9,6,8,0,4,1,7,5,10,2,]
11-18-0.020000-[9,0,6,4,1,5,8,10,3,7,2,]
11-8-0.005000-[2,5,1,9,0,3,7,10,8,6,4,]
11-57-0.050000-[6,0,5,7,9,3,8,2,4,10,1,]
11-48-0.045000-[4,6,0,3,10,7,2,8,5,1,9,]
11-47-0.053000-[7,10,1,9,2,5,3,8,0,4,6,]
11-20-0.019000-[9,4,0,8,6,2,10,1,7,5,3,]
11-42-0.037000-[3,9,6,10,0,4,1,5,8,2,7,]
11-3-0.003000-[8,5,1,9,6,2,7,10,3,0,4,]
11-5-0.005000-[4,10,8,3,1,7,2,6,9,0,5,]
11-11-0.008000-[5,10,0,7,3,8,2,9,1,6,4,]
11-11-0.010000-[1,6,9,3,0,4,8,10,5,7,2,]
11-14-0.016000-[6,10,7,2,0,3,1,8,5,9,4,]
11-7-0.009000-[4,2,5,8,10,0,3,1,7,9,6,]
11-16-0.015000-[9,2,4,8,1,3,6,10,7,5,0,]
11-19-0.018000-[8,6,4,1,5,0,10,3,7,9,2,]
11-5-0.005000-[2,7,5,0,9,4,10,8,6,3,1,]
11-23-0.019000-[1,3,9,6,8,10,2,0,5,7,4,]
11-27-0.023000-[4,0,7,3,10,8,1,5,9,2,6,]
11-21-0.016000-[7,5,3,9,0,8,4,2,10,6,1,]
11-2-0.001000-[6,4,2,0,3,7,10,1,9,5,8,]
11-15-0.012000-[3,8,0,4,9,1,5,7,10,6,2,]
11-1-0.001000-[5,10,4,6,0,9,1,8,2,7,3,]
11-11-0.010000-[8,4,0,7,10,1,3,6,9,2,5,]
11-30-0.023000-[2,7,5,8,0,9,4,6,1,3,10,]
11-14-0.011000-[8,6,2,0,7,4,10,5,9,1,3,]
11-4-0.003000-[10,5,0,6,1,7,2,8,3,9,4,]
11-19-0.017000-[0,4,7,9,6,2,10,1,3,5,8,]
11-69-0.060000-[3,6,2,9,5,0,10,4,7,1,8,]
11-63-0.061000-[4,7,10,8,5,2,0,9,6,1,3,]
11-23-0.037000-[8,1,9,4,6,0,3,10,7,5,2,]
11-8-0.009000-[4,9,5,8,10,0,2,6,1,3,7,]
11-66-0.071000-[6,8,10,1,4,2,7,9,3,5,0,]
11-49-0.043000-[6,3,7,4,8,0,9,1,5,2,10,]
