9-3-0.003000-[2,0,5,7,4,1,3,8,6,]
9-18-0.010000-[0,2,6,1,7,4,8,3,5,]
9-11-0.005000-[5,7,2,6,8,1,4,0,3,]
9-12-0.006000-[4,1,7,2,6,8,0,5,3,]
9-10-0.004000-[6,3,0,2,5,8,1,7,4,]
9-24-0.009000-[0,6,3,5,8,1,4,2,7,]
9-3-0.001000-[2,6,1,7,5,3,0,4,8,]
9-1-0.000000-[0,5,3,1,7,2,8,6,4,]
9-13-0.004000-[8,5,3,6,0,7,1,4,2,]
9-1-0.000000-[0,6,3,5,8,1,4,2,7,]
9-19-0.005000-[4,2,5,8,6,3,0,7,1,]
9-2-0.001000-[1,6,4,7,0,3,5,2,8,]
9-2-0.001000-[7,0,4,6,1,5,2,8,3,]
9-1-0.000000-[8,6,3,1,7,5,0,2,4,]
9-1-0.000000-[3,8,2,5,1,6,4,0,7,]
9-18-0.008000-[6,3,0,7,1,8,5,2,4,]
9-3-0.001000-[0,5,7,2,6,3,1,8,4,]
9-10-0.003000-[5,2,0,3,6,8,1,4,7,]
9-3-0.001000-[5,2,4,7,0,3,1,6,8,]
9-9-0.003000-[3,6,2,7,5,0,8,1,4,]
9-6-0.002000-[1,5,0,6,3,7,2,4,8,]
9-8-0.002000-[4,6,3,0,2,5,8,1,7,]
9-15-0.004000-[0,5,1,8,6,3,7,2,4,]
9-8-0.002000-[3,5,2,8,1,7,4,6,0,]
9-3-0.001000-[5,2,0,7,3,8,6,4,1,]
9-5-0.002000-[5,8,6,3,0,7,1,4,2,]
9-2-0.001000-[0,3,6,2,7,1,4,8,5,]
9-1-0.001000-[2,8,3,1,7,5,0,6,4,]
9-14-0.006000-[3,0,4,8,1,5,7,2,6,]
9-12-0.004000-[2,4,1,7,0,3,6,8,5,]
9-2-0.000000-[5,3,1,7,2,8,6,4,0,]
9-2-0.001000-[5,3,8,0,2,6,1,7,4,]
9-4-0.002000-[1,5,0,6,4,2,8,3,7,]
9-2-0.001000-[2,5,7,0,3,6,4,1,8,]
9-16-0.006000-[0,5,7,4,1,3,8,6,2,]
9-10-0.004000-[8,4,7,3,0,6,1,5,2,]
9-3-0.002000-[6,1,3,0,7,4,8,5,2,]
9-10-0.005000-[4,0,7,5,2,6,1,3,8,]
9-1-0.000000-[0,5,1,8,6,3,7,2,4,]
9-2-0.000000-[6,3,1,8,5,2,4,7,0,]
9-2-0.001000-[5,7,2,6,8,1,4,0,3,]
9-6-0.004000-[8,3,5,7,2,0,6,4,1,]
9-3-0.002000-[3,8,4,2,0,6,1,7,5,]
9-6-0.002000-[8,3,7,0,2,5,1,6,4,]
9-17-0.006000-[4,0,7,3,1,6,8,5,2,]
9-14-0.005000-[5,2,0,3,6,8,1,4,7,]
9-8-0.003000-[6,3,0,8,1,5,7,2,4,]
9-7-0.002000-[3,7,4,2,0,5,1,8,6,]
9-3-0.002000-[4,2,0,6,1,7,5,3,8,]
9-7-0.003000-[7,4,1,8,6,3,0,2,5,]
9-1-0.001000-[0,7,4,2,5,8,1,3,6,]
9-1-0.001000-[8,5,2,0,7,4,1,3,6,]
9-7-0.003000-[4,7,0,3,6,2,5,8,1,]
9-1-0.001000-[4,6,1,5,2,0,7,3,8,]
9-1-0.001000-[1,4,6,3,0,2,8,5,7,]
9-3-0.001000-[4,7,0,8,3,1,6,2,5,]
9-8-0.003000-[1,6,4,7,0,3,5,2,8,]
9-9-0.003000-[2,5,1,8,4,0,7,3,6,]
9-5-0.001000-[6,3,0,2,7,5,1,8,4,]
9-11-0.004000-[6,3,0,2,8,5,7,4,1,]
9-3-0.001000-[4,1,3,0,6,8,2,5,7,]
9-1-0.001000-[4,2,0,6,1,7,5,3,8,]
9-4-0.001000-[4,1,8,0,5,7,2,6,3,]
9-16-0.006000-[8,4,0,7,3,1,6,2,5,]
9-4-0.002000-[4,6,8,2,7,1,3,5,0,]
9-8-0.003000-[8,4,2,0,5,7,1,3,6,]
9-6-0.003000-[5,7,2,6,8,1,4,0,3,]
9-2-0.001000-[8,1,4,6,3,0,7,5,2,]
9-8-0.003000-[4,1,3,0,6,8,2,5,7,]
9-27-0.011000-[2,5,8,6,0,3,1,4,7,]
9-10-0.004000-[7,2,4,1,8,5,3,6,0,]
9-2-0.001000-[2,6,1,3,7,0,4,8,5,]
9-3-0.001000-[4,1,7,0,3,6,8,5,2,]
9-11-0.004000-[2,5,8,6,0,3,1,4,7,]
9-13-0.005000-[7,3,8,0,4,1,5,2,6,]
9-2-0.001000-[4,7,5,0,2,6,8,3,1,]
9-1-0.001000-[0,2,7,5,8,1,4,6,3,]
9-2-0.001000-[8,5,3,6,0,7,1,4,2,]
9-1-0.000000-[6,4,1,7,0,3,8,2,5,]
9-6-0.002000-[5,2,4,7,0,8,3,1,6,]
9-2-0.001000-[4,6,1,5,2,0,7,3,8,]
9-4-0.002000-[2,8,5,1,4,6,0,3,7,]
9-6-0.002000-[1,7,0,3,6,8,5,2,4,]
9-11-0.005000-[2,8,3,7,4,1,5,0,6,]
9-11-0.004000-[2,6,1,3,7,0,4,8,5,]
9-2-0.001000-[5,7,0,6,3,1,8,4,2,]
9-2-0.001000-[1,5,0,6,3,7,2,4,8,]
9-2-0.001000-[3,5,0,8,6,2,7,1,4,]
9-5-0.002000-[4,7,3,0,6,1,5,2,8,]
9-4-0.002000-[1,5,0,6,3,7,2,4,8,]
9-5-0.002000-[7,1,3,0,6,8,5,2,4,]
9-6-0.002000-[2,5,7,4,0,8,6,1,3,]
9-8-0.004000-[4,7,0,8,3,1,6,2,5,]
9-11-0.004000-[5,2,8,3,0,7,1,4,6,]
9-9-0.003000-[7,0,3,6,2,5,8,1,4,]
9-15-0.005000-[4,7,1,8,5,2,0,3,6,]
9-3-0.002000-[2,8,3,1,7,5,0,6,4,]
9-6-0.002000-[6,3,1,8,5,2,4,7,0,]
9-7-0.003000-[5,2,6,1,3,7,0,4,8,]
9-11-0.005000-[0,2,7,5,8,1,4,6,3,]
9-1-0.001000-[7,5,1,6,0,3,8,4,2,]
9-4-0.004000-[8,5,2,0,7,4,1,3,6,]
9-1-0.001000-[0,2,5,7,1,3,8,6,4,]
9-3-0.003000-[2,0,6,1,7,5,3,8,4,]
9-47-0.029000-[4,7,3,8,6,2,0,5,1,]
9-2-0.001000-[5,3,6,0,7,1,4,2,8,]
9-3-0.001000-[0,3,5,2,8,1,7,4,6,]
9-12-0.005000-[2,5,1,8,4,0,7,3,6,]
9-3-0.001000-[8,2,5,1,6,4,0,7,3,]
9-1-0.001000-[5,2,0,7,3,8,6,4,1,]
9-1-0.000000-[6,8,1,5,0,2,4,7,3,]
9-2-0.000000-[5,0,4,6,8,2,7,1,3,]
9-3-0.001000-[0,6,3,7,2,8,5,1,4,]
9-10-0.003000-[1,5,0,2,6,8,3,7,4,]
9-2-0.000000-[5,8,4,7,0,2,6,1,3,]
9-2-0.000000-[5,7,2,6,8,1,4,0,3,]
9-1-0.000000-[3,7,0,4,6,1,5,2,8,]
9-2-0.000000-[0,6,3,7,2,4,8,1,5,]
9-2-0.000000-[6,2,5,1,4,0,8,3,7,]
9-20-0.006000-[3,0,4,8,1,5,7,2,6,]
9-6-0.002000-[0,5,7,2,6,3,1,8,4,]
9-2-0.000000-[3,5,7,2,0,6,4,1,8,]
9-14-0.005000-[2,0,8,6,4,1,7,5,3,]
9-5-0.001000-[0,6,4,7,1,8,2,5,3,]
9-14-0.004000-[4,2,8,3,1,7,5,0,6,]
9-1-0.001000-[2,8,5,1,4,6,0,3,7,]
9-9-0.003000-[0,5,3,1,7,2,8,6,4,]
9-8-0.003000-[2,4,1,7,0,6,3,5,8,]
9-2-0.000000-[8,5,1,6,0,2,4,7,3,]
9-5-0.002000-[1,8,5,2,6,3,0,7,4,]
9-10-0.003000-[5,1,4,6,8,3,7,0,2,]
9-8-0.004000-[2,6,8,3,1,4,7,5,0,]
9-4-0.001000-[3,7,4,2,0,6,1,5,8,]
9-6-0.002000-[5,3,1,7,4,2,0,8,6,]
9-13-0.005000-[5,2,4,7,0,3,1,6,8,]
9-6-0.001000-[4,2,0,5,1,8,6,3,7,]
9-3-0.001000-[2,5,7,0,4,8,1,3,6,]
9-5-0.002000-[5,7,2,6,8,1,4,0,3,]
9-4-0.002000-[4,1,3,0,6,8,2,5,7,]
9-4-0.002000-[2,8,3,7,4,1,5,0,6,]
9-3-0.001000-[6,1,3,5,0,8,4,2,7,]
9-7-0.002000-[6,0,3,1,7,5,8,2,4,]
9-5-0.002000-[5,7,0,4,8,1,3,6,2,]
9-2-0.001000-[6,0,5,1,4,7,3,8,2,]
9-8-0.002000-[5,2,4,7,0,8,6,1,3,]
9-15-0.005000-[3,5,7,1,4,0,8,6,2,]
9-15-0.004000-[6,3,0,2,8,5,7,4,1,]
9-9-0.003000-[8,4,7,3,0,6,1,5,2,]
9-3-0.001000-[0,4,6,8,3,1,7,5,2,]
9-11-0.003000-[8,5,2,0,7,4,1,3,6,]
9-1-0.000000-[8,1,4,6,3,0,7,5,2,]
9-16-0.006000-[3,0,6,8,1,5,7,2,4,]
9-4-0.001000-[5,3,8,0,2,6,1,7,4,]
9-6-0.002000-[6,8,5,2,0,7,4,1,3,]
9-2-0.001000-[4,2,7,5,1,8,0,3,6,]
9-5-0.002000-[2,0,3,6,8,1,4,7,5,]
9-7-0.001000-[2,0,6,1,7,5,3,8,4,]
9-8-0.003000-[2,8,1,4,7,0,6,3,5,]
9-2-0.000000-[2,5,8,6,1,3,7,0,4,]
9-7-0.002000-[6,2,5,7,0,3,8,4,1,]
9-2-0.001000-[2,5,8,6,1,3,7,0,4,]
9-7-0.003000-[6,0,5,7,1,3,8,2,4,]
9-5-0.002000-[0,4,8,5,3,1,7,2,6,]
9-4-0.001000-[7,1,3,0,6,8,5,2,4,]
9-1-0.001000-[6,2,7,1,4,0,8,3,5,]
9-4-0.002000-[4,2,0,6,1,7,5,3,8,]
9-20-0.009000-[4,6,3,0,7,1,8,5,2,]
9-3-0.001000-[6,2,7,5,1,8,4,0,3,]
9-17-0.006000-[3,8,4,7,0,2,5,1,6,]
9-8-0.003000-[0,5,1,8,6,3,7,2,4,]
9-7-0.002000-[5,2,4,7,0,8,3,1,6,]
9-2-0.000000-[5,2,8,1,4,7,0,6,3,]
9-10-0.005000-[1,7,4,2,8,5,3,0,6,]
9-19-0.007000-[0,2,5,7,1,3,8,6,4,]
9-2-0.001000-[2,7,1,3,8,6,4,0,5,]
9-8-0.004000-[6,8,3,1,4,7,5,0,2,]
9-5-0.002000-[4,1,8,0,5,7,2,6,3,]
9-4-0.002000-[0,4,8,5,3,1,7,2,6,]
9-1-0.000000-[6,1,3,8,0,7,4,2,5,]
9-4-0.001000-[0,6,3,7,2,8,5,1,4,]
9-7-0.002000-[1,5,0,8,4,7,3,6,2,]
9-1-0.001000-[2,0,5,7,4,1,3,8,6,]
9-9-0.003000-[2,6,8,3,1,4,7,5,0,]
9-21-0.008000-[6,2,0,8,4,7,1,3,5,]
9-5-0.002000-[2,5,1,6,0,3,7,4,8,]
9-8-0.003000-[1,4,8,3,0,7,5,2,6,]
9-4-0.002000-[1,4,7,0,8,5,2,6,3,]
9-4-0.002000-[7,5,0,2,6,8,3,1,4,]
9-2-0.001000-[2,5,8,1,4,6,3,0,7,]
9-2-0.001000-[2,8,5,7,1,3,0,6,4,]
9-4-0.001000-[6,4,1,7,0,2,8,5,3,]
9-7-0.003000-[5,3,6,0,7,4,1,8,2,]
9-1-0.000000-[2,5,8,6,1,3,7,0,4,]
9-6-0.002000-[1,8,5,2,4,7,0,3,6,]
9-7-0.003000-[8,2,5,3,0,7,4,6,1,]
9-3-0.001000-[3,0,8,5,2,6,1,7,4,]
9-9-0.003000-[4,7,1,6,2,0,8,3,5,]
9-2-0.001000-[2,4,7,1,8,6,0,3,5,]
9-5-0.002000-[5,2,0,7,3,8,6,4,1,]
9-6-0.002000-[1,7,0,3,6,8,5,2,4,]
9-22-0.006000-[3,7,0,4,6,1,5,2,8,]
9-3-0.001000-[5,8,4,7,0,2,6,1,3,]
9-11-0.005000-[1,4,6,3,0,2,8,5,7,]
9-12-0.004000-[5,3,6,0,2,8,1,7,4,]
9-2-0.001000-[7,3,0,6,4,1,5,8,2,]
9-17-0.007000-[3,7,0,4,6,1,5,2,8,]
9-8-0.003000-[0,2,6,1,7,4,8,3,5,]
9-8-0.002000-[2,6,3,7,4,8,0,5,1,]
9-6-0.002000-[6,1,5,2,0,7,4,8,3,]
9-3-0.002000-[6,0,3,5,8,2,4,7,1,]
9-30-0.011000-[3,5,8,2,0,7,1,4,6,]
9-4-0.002000-[1,6,4,7,0,3,5,2,8,]
9-4-0.002000-[5,2,0,3,6,8,1,4,7,]
9-6-0.003000-[1,8,5,3,6,0,2,4,7,]
9-3-0.001000-[0,3,5,2,8,1,7,4,6,]
9-13-0.006000-[3,5,0,4,1,7,2,6,8,]
9-5-0.001000-[3,8,4,2,0,6,1,7,5,]
9-6-0.003000-[0,5,7,2,6,3,1,8,4,]
9-4-0.002000-[2,0,6,1,7,5,3,8,4,]
9-2-0.001000-[6,8,0,2,4,7,1,3,5,]
9-9-0.005000-[6,2,0,5,7,4,1,3,8,]
9-11-0.004000-[6,3,0,7,1,8,5,2,4,]
9-7-0.002000-[2,8,3,0,7,5,1,6,4,]
9-4-0.001000-[2,5,8,4,7,0,3,1,6,]
9-1-0.000000-[1,4,6,3,0,2,8,5,7,]
9-1-0.000000-[3,5,7,1,4,6,8,0,2,]
9-1-0.000000-[3,8,4,2,0,5,7,1,6,]
9-4-0.002000-[3,5,0,8,4,7,1,6,2,]
9-2-0.001000-[5,8,4,7,0,2,6,1,3,]
9-13-0.005000-[6,1,3,8,0,7,4,2,5,]
9-7-0.002000-[2,4,7,1,8,6,0,3,5,]
9-7-0.002000-[1,7,0,3,6,8,5,2,4,]
9-5-0.002000-[2,5,8,6,0,3,1,4,7,]
9-7-0.003000-[3,6,0,2,8,5,7,4,1,]
9-2-0.001000-[3,8,4,7,0,2,5,1,6,]
9-1-0.001000-[8,4,2,0,6,1,7,5,3,]
9-2-0.001000-[1,8,5,3,6,0,2,4,7,]
9-19-0.007000-[5,0,4,6,8,2,7,1,3,]
9-4-0.002000-[5,3,1,6,8,2,4,7,0,]
9-2-0.000000-[5,3,8,0,2,6,1,7,4,]
9-5-0.001000-[8,4,0,3,5,7,1,6,2,]
9-2-0.001000-[7,5,2,8,6,0,3,1,4,]
9-5-0.002000-[2,5,1,6,0,3,7,4,8,]
9-3-0.001000-[6,3,0,7,4,2,5,8,1,]
9-5-0.002000-[4,1,5,8,6,3,0,2,7,]
9-1-0.000000-[7,0,3,5,2,8,6,4,1,]
9-9-0.003000-[4,6,1,5,7,0,3,8,2,]
9-2-0.000000-[1,5,0,8,4,7,3,6,2,]
9-4-0.002000-[5,3,8,4,7,1,6,2,0,]
9-3-0.001000-[3,6,0,2,8,5,7,4,1,]
9-7-0.002000-[0,5,1,8,6,3,7,2,4,]
9-13-0.005000-[8,3,1,6,2,5,7,0,4,]
9-1-0.000000-[8,3,5,7,2,0,6,4,1,]
9-2-0.001000-[4,6,8,3,1,7,5,2,0,]
9-1-0.000000-[0,4,6,1,5,2,8,3,7,]
9-1-0.001000-[7,2,4,8,0,5,3,1,6,]
9-3-0.001000-[5,0,4,1,8,6,3,7,2,]
9-5-0.002000-[2,0,3,6,8,1,4,7,5,]
9-12-0.003000-[5,1,8,4,2,7,3,6,0,]
9-3-0.000000-[1,4,6,8,2,5,3,0,7,]
9-22-0.008000-[1,3,8,6,2,0,5,7,4,]
9-9-0.004000-[3,5,0,8,6,2,7,1,4,]
9-1-0.000000-[6,3,1,8,4,0,7,5,2,]
9-8-0.003000-[3,6,2,7,5,1,8,4,0,]
9-4-0.001000-[8,5,7,1,3,0,6,4,2,]
9-6-0.002000-[3,5,2,8,6,0,7,1,4,]
9-2-0.000000-[3,8,4,7,0,2,5,1,6,]
9-2-0.000000-[5,8,4,1,7,2,6,3,0,]
9-10-0.003000-[2,5,8,1,7,0,3,6,4,]
9-6-0.002000-[3,7,4,2,0,6,1,5,8,]
9-8-0.003000-[2,0,7,3,8,6,4,1,5,]
9-7-0.003000-[4,0,5,3,1,7,2,8,6,]
9-4-0.001000-[8,2,5,1,6,0,3,7,4,]
9-5-0.003000-[6,3,0,4,1,8,5,7,2,]
9-10-0.004000-[1,7,5,8,2,0,3,6,4,]
9-2-0.001000-[6,3,0,4,1,8,5,7,2,]
9-3-0.001000-[2,8,5,7,1,3,0,6,4,]
9-2-0.001000-[4,1,8,5,2,6,3,0,7,]
9-8-0.003000-[4,1,5,0,2,6,8,3,7,]
9-19-0.006000-[8,2,5,3,0,7,4,6,1,]
9-14-0.004000-[2,6,8,0,4,1,7,5,3,]
9-1-0.000000-[2,8,5,7,1,3,0,6,4,]
9-10-0.003000-[5,8,6,3,0,7,1,4,2,]
9-2-0.001000-[2,0,7,3,8,6,4,1,5,]
9-16-0.005000-[2,5,8,1,7,0,3,6,4,]
9-16-0.005000-[3,5,2,8,1,7,4,6,0,]
9-13-0.004000-[2,6,1,3,7,0,4,8,5,]
9-1-0.000000-[1,4,6,0,2,7,5,3,8,]
9-4-0.001000-[4,2,7,3,6,8,1,5,0,]
9-5-0.002000-[5,3,6,0,7,1,4,2,8,]
9-2-0.000000-[5,3,1,6,8,2,4,7,0,]
9-2-0.001000-[6,2,5,7,0,4,8,1,3,]
9-1-0.001000-[8,4,7,3,0,6,1,5,2,]
9-10-0.002000-[3,6,2,7,1,4,8,5,0,]
9-3-0.000000-[4,6,8,3,1,7,5,2,0,]
9-4-0.001000-[1,5,0,8,4,7,3,6,2,]
9-1-0.001000-[5,3,1,7,2,8,6,4,0,]
9-7-0.002000-[0,4,6,1,5,2,8,3,7,]
9-8-0.002000-[3,6,8,1,4,7,0,2,5,]
9-4-0.001000-[0,5,3,1,6,8,2,4,7,]
9-6-0.002000-[2,5,7,1,3,8,6,4,0,]
9-2-0.000000-[6,2,0,8,4,7,1,3,5,]
9-5-0.002000-[8,6,3,1,7,5,0,2,4,]
9-19-0.006000-[8,3,5,7,2,0,6,4,1,]
9-4-0.001000-[4,6,1,3,7,0,8,5,2,]
9-21-0.009000-[7,3,8,2,5,1,6,4,0,]
9-2-0.001000-[4,7,0,3,6,2,5,8,1,]
9-7-0.002000-[4,1,5,0,2,6,8,3,7,]
9-1-0.001000-[2,4,6,0,3,1,7,5,8,]
9-11-0.003000-[8,4,7,3,0,6,1,5,2,]
9-23-0.014000-[7,3,8,2,5,1,6,4,0,]
9-8-0.005000-[3,5,0,8,4,7,1,6,2,]
9-1-0.000000-[8,4,7,3,0,6,1,5,2,]
9-3-0.001000-[3,6,8,5,2,0,7,4,1,]
9-4-0.001000-[4,6,8,3,1,7,5,2,0,]
9-6-0.001000-[3,6,2,7,1,4,8,5,0,]
9-1-0.000000-[6,3,0,2,7,5,1,8,4,]
9-4-0.001000-[1,4,7,0,2,5,8,6,3,]
9-1-0.000000-[5,8,4,7,0,2,6,1,3,]
9-2-0.001000-[0,4,8,1,5,7,2,6,3,]
9-15-0.005000-[2,5,8,4,7,0,3,1,6,]
9-22-0.008000-[7,4,0,5,8,1,3,6,2,]
9-8-0.003000-[8,2,4,1,7,0,6,3,5,]
9-7-0.003000-[3,8,4,2,0,5,7,1,6,]
9-5-0.002000-[7,4,0,5,8,1,3,6,2,]
9-1-0.001000-[4,6,3,0,7,1,8,5,2,]
9-31-0.015000-[7,3,8,6,2,0,5,1,4,]
9-7-0.003000-[6,8,0,2,4,7,1,3,5,]
9-3-0.001000-[0,2,7,5,8,1,4,6,3,]
9-5-0.002000-[7,0,3,6,2,5,8,1,4,]
9-3-0.001000-[6,2,7,1,4,0,8,3,5,]
9-3-0.000000-[5,1,4,6,8,2,7,3,0,]
9-2-0.001000-[2,5,8,1,7,0,3,6,4,]
9-29-0.010000-[2,7,5,8,1,4,0,3,6,]
9-12-0.006000-[0,4,6,8,2,7,1,3,5,]
9-4-0.002000-[1,4,7,5,8,2,0,6,3,]
9-13-0.005000-[7,2,4,8,0,5,3,1,6,]
9-7-0.002000-[4,1,8,0,5,7,2,6,3,]
9-24-0.011000-[2,7,1,3,8,6,4,0,5,]
9-2-0.000000-[4,6,3,0,2,5,8,1,7,]
9-3-0.001000-[8,3,5,7,1,6,0,2,4,]
9-2-0.001000-[1,3,6,0,2,8,5,7,4,]
9-7-0.003000-[3,1,6,2,0,7,4,8,5,]
9-49-0.019000-[6,0,3,7,4,2,8,5,1,]
9-5-0.001000-[1,4,7,5,8,2,0,3,6,]
9-3-0.001000-[1,8,5,3,6,0,2,4,7,]
9-2-0.001000-[8,4,7,3,0,6,1,5,2,]
9-7-0.002000-[2,5,8,6,0,3,1,4,7,]
9-5-0.002000-[8,2,5,1,6,0,3,7,4,]
9-18-0.006000-[7,4,2,5,8,6,0,3,1,]
9-8-0.003000-[5,3,0,6,8,1,7,4,2,]
9-23-0.009000-[2,5,7,4,0,8,6,1,3,]
9-18-0.007000-[5,2,6,1,7,4,0,3,8,]
9-4-0.002000-[1,5,0,2,6,8,3,7,4,]
9-16-0.006000-[0,2,7,5,8,1,4,6,3,]
9-11-0.004000-[1,4,7,5,8,2,0,3,6,]
9-7-0.003000-[1,5,0,2,6,8,3,7,4,]
9-4-0.001000-[6,0,5,1,4,7,3,8,2,]
9-3-0.001000-[3,6,2,5,8,0,7,4,1,]
9-17-0.007000-[8,2,4,1,7,0,6,3,5,]
9-1-0.001000-[4,1,7,2,6,3,0,8,5,]
9-9-0.004000-[4,7,0,8,3,1,6,2,5,]
9-4-0.002000-[2,5,8,6,1,3,7,0,4,]
9-2-0.001000-[4,2,5,8,6,0,3,1,7,]
9-11-0.006000-[6,3,1,4,7,0,2,5,8,]
9-4-0.001000-[0,3,6,2,7,1,4,8,5,]
9-3-0.001000-[2,0,6,4,7,1,3,5,8,]
9-5-0.002000-[8,4,2,0,5,7,1,3,6,]
9-9-0.003000-[4,1,8,0,5,7,2,6,3,]
9-1-0.000000-[2,4,8,1,3,6,0,7,5,]
9-19-0.006000-[3,0,8,5,2,6,1,7,4,]
9-10-0.004000-[4,1,5,8,6,3,0,2,7,]
9-8-0.003000-[6,0,5,8,1,3,7,2,4,]
9-3-0.001000-[4,0,5,3,1,7,2,8,6,]
9-7-0.003000-[6,3,0,7,4,2,5,8,1,]
9-10-0.003000-[0,5,3,1,7,2,8,6,4,]
9-10-0.004000-[3,6,2,7,5,0,8,1,4,]
9-14-0.006000-[6,1,3,8,0,7,4,2,5,]
9-1-0.000000-[8,4,2,0,6,1,7,5,3,]
9-2-0.000000-[4,2,0,5,1,8,6,3,7,]
9-1-0.000000-[2,8,5,3,0,6,4,1,7,]
9-5-0.003000-[7,4,0,5,8,1,3,6,2,]
9-15-0.005000-[5,2,0,3,6,8,1,4,7,]
9-26-0.009000-[6,2,0,5,7,4,1,3,8,]
9-11-0.004000-[1,4,7,0,8,5,2,6,3,]
9-10-0.004000-[4,1,7,0,6,8,2,5,3,]
9-12-0.005000-[0,4,1,5,8,2,7,3,6,]
9-7-0.003000-[5,3,1,7,2,8,6,4,0,]
9-1-0.000000-[5,3,6,0,7,1,4,2,8,]
9-20-0.008000-[4,2,5,8,6,3,0,7,1,]
9-2-0.000000-[0,2,5,7,1,3,8,6,4,]
9-10-0.003000-[5,2,4,7,0,8,6,1,3,]
9-21-0.008000-[0,7,4,2,8,6,1,3,5,]
9-3-0.001000-[5,1,4,6,8,2,7,3,0,]
9-3-0.001000-[3,8,4,2,0,6,1,7,5,]
9-18-0.007000-[6,1,3,0,7,4,8,5,2,]
9-3-0.001000-[3,8,4,2,0,5,7,1,6,]
9-4-0.002000-[1,8,5,2,4,7,0,3,6,]
9-3-0.002000-[4,1,8,5,2,6,3,0,7,]
9-3-0.001000-[0,3,7,2,8,6,4,1,5,]
9-6-0.002000-[0,3,1,7,5,8,2,4,6,]
9-8-0.002000-[3,6,0,7,4,1,8,2,5,]
9-3-0.001000-[6,3,7,2,8,5,1,4,0,]
9-8-0.004000-[8,2,5,1,6,0,3,7,4,]
9-19-0.007000-[7,0,3,5,2,8,6,4,1,]
9-15-0.006000-[4,2,5,8,6,3,0,7,1,]
9-4-0.002000-[3,0,4,1,8,6,2,7,5,]
9-2-0.001000-[0,3,5,2,8,1,7,4,6,]
9-13-0.004000-[8,1,4,6,3,0,7,5,2,]
9-1-0.000000-[7,1,3,0,6,8,5,2,4,]
9-1-0.000000-[4,1,7,0,6,8,2,5,3,]
9-10-0.004000-[4,8,1,3,6,2,7,5,0,]
9-9-0.004000-[4,1,8,5,2,6,3,0,7,]
9-3-0.002000-[7,2,4,1,8,5,3,6,0,]
9-5-0.002000-[8,4,0,3,5,7,1,6,2,]
9-2-0.000000-[3,5,0,8,6,2,7,1,4,]
9-1-0.001000-[1,4,7,0,2,5,8,6,3,]
9-9-0.004000-[1,6,4,0,8,3,5,7,2,]
9-9-0.004000-[4,6,1,3,7,0,2,8,5,]
9-1-0.001000-[3,5,8,2,0,7,1,4,6,]
9-3-0.001000-[5,2,8,1,4,7,0,6,3,]
9-5-0.001000-[3,0,6,8,1,5,7,2,4,]
9-6-0.001000-[2,0,5,7,4,1,3,8,6,]
9-7-0.002000-[5,7,2,0,8,1,4,6,3,]
9-14-0.005000-[2,5,8,1,7,0,3,6,4,]
9-3-0.001000-[3,5,2,8,1,7,4,6,0,]
9-6-0.003000-[1,3,8,6,2,0,5,7,4,]
9-2-0.001000-[8,4,7,3,0,6,1,5,2,]
9-2-0.001000-[6,1,3,8,0,7,4,2,5,]
9-4-0.002000-[1,3,6,0,2,8,5,7,4,]
9-2-0.001000-[4,2,5,8,6,3,0,7,1,]
9-4-0.002000-[3,5,2,8,6,0,7,1,4,]
9-5-0.002000-[3,5,7,1,6,0,2,4,8,]
9-1-0.001000-[2,4,1,7,0,6,3,5,8,]
9-6-0.001000-[0,3,5,2,8,1,7,4,6,]
9-7-0.002000-[7,4,1,3,0,6,8,2,5,]
9-2-0.000000-[7,4,2,0,5,1,8,6,3,]
9-11-0.006000-[7,4,2,5,8,6,0,3,1,]
9-18-0.007000-[2,5,8,4,7,0,3,1,6,]
9-2-0.001000-[0,4,6,1,5,2,8,3,7,]
9-9-0.006000-[3,7,0,4,6,1,5,2,8,]
9-2-0.000000-[5,8,0,3,6,2,7,1,4,]
9-2-0.001000-[7,2,4,8,0,5,3,1,6,]
9-10-0.005000-[4,6,0,5,7,1,3,8,2,]
9-29-0.013000-[7,2,0,3,6,8,5,1,4,]
9-1-0.000000-[2,6,1,3,7,0,4,8,5,]
9-7-0.004000-[6,8,1,5,0,2,4,7,3,]
9-8-0.003000-[6,8,0,2,4,7,1,3,5,]
9-1-0.000000-[6,8,5,2,0,7,4,1,3,]
9-2-0.001000-[0,4,6,8,2,7,1,3,5,]
9-2-0.001000-[3,1,6,8,0,4,7,5,2,]
9-8-0.004000-[6,1,3,0,7,4,8,5,2,]
9-1-0.000000-[0,5,8,4,1,7,2,6,3,]
9-2-0.001000-[2,0,8,6,4,1,7,5,3,]
9-2-0.001000-[5,0,4,6,8,2,7,1,3,]
9-3-0.002000-[2,5,7,0,3,6,4,1,8,]
9-2-0.001000-[8,3,1,4,7,5,0,2,6,]
9-1-0.000000-[2,6,1,7,4,8,0,5,3,]
9-2-0.000000-[3,8,4,7,0,2,5,1,6,]
9-2-0.001000-[2,7,3,6,8,1,4,0,5,]
9-3-0.001000-[8,5,2,0,7,4,1,3,6,]
9-7-0.003000-[8,1,4,6,0,2,7,5,3,]
9-1-0.000000-[5,2,8,6,0,3,1,4,7,]
9-6-0.003000-[6,2,0,8,4,7,1,3,5,]
9-3-0.001000-[8,3,5,7,2,0,6,4,1,]
9-6-0.003000-[2,0,3,6,8,1,4,7,5,]
9-4-0.002000-[1,4,7,0,8,5,2,6,3,]
9-2-0.001000-[8,4,7,3,0,6,1,5,2,]
9-5-0.001000-[6,2,7,1,4,0,8,3,5,]
9-2-0.001000-[1,3,0,6,8,5,2,4,7,]
9-5-0.002000-[7,1,3,0,6,8,5,2,4,]
9-7-0.003000-[6,1,3,8,0,7,4,2,5,]
9-18-0.008000-[8,3,5,7,2,0,6,4,1,]
9-1-0.000000-[7,0,3,5,2,8,6,4,1,]
9-5-0.002000-[3,0,6,8,1,5,7,2,4,]
9-1-0.000000-[5,2,8,3,0,7,1,4,6,]
9-1-0.000000-[3,6,4,1,8,0,5,7,2,]
9-3-0.001000-[6,0,5,7,1,3,8,2,4,]
9-5-0.001000-[7,4,0,5,8,1,3,6,2,]
9-5-0.001000-[4,2,7,5,1,8,0,3,6,]
9-5-0.002000-[2,6,1,3,7,0,4,8,5,]
9-6-0.002000-[4,7,0,8,3,1,6,2,5,]
9-7-0.003000-[4,6,1,5,7,0,3,8,2,]
9-4-0.001000-[5,0,4,6,8,2,7,1,3,]
9-1-0.000000-[8,4,2,0,5,7,1,3,6,]
9-21-0.008000-[7,0,4,6,1,5,2,8,3,]
9-26-0.013000-[5,2,0,7,4,1,8,6,3,]
9-6-0.002000-[1,3,8,6,2,0,5,7,4,]
9-1-0.000000-[8,1,5,7,2,0,3,6,4,]
9-5-0.002000-[8,3,7,0,2,5,1,6,4,]
9-4-0.002000-[6,2,5,7,0,3,8,4,1,]
9-16-0.007000-[1,3,0,6,8,5,2,4,7,]
9-1-0.001000-[0,3,6,2,7,1,4,8,5,]
9-3-0.001000-[2,6,8,3,1,4,7,5,0,]
9-4-0.001000-[7,2,4,8,0,5,3,1,6,]
9-2-0.001000-[0,6,3,7,2,8,5,1,4,]
9-10-0.005000-[2,8,5,1,4,6,0,3,7,]
9-20-0.008000-[4,6,1,3,7,0,2,8,5,]
9-2-0.001000-[5,8,4,0,7,3,1,6,2,]
9-5-0.002000-[3,0,4,7,1,6,2,5,8,]
9-5-0.002000-[2,4,1,7,0,6,3,5,8,]
9-1-0.000000-[4,8,3,5,7,1,6,0,2,]
9-5-0.002000-[0,5,1,8,6,3,7,2,4,]
9-3-0.001000-[3,6,2,7,1,4,8,5,0,]
9-5-0.002000-[2,5,8,4,7,0,3,1,6,]
9-7-0.003000-[0,6,4,7,1,8,2,5,3,]
9-2-0.001000-[5,3,0,6,8,1,7,4,2,]
9-10-0.007000-[0,6,4,7,1,8,2,5,3,]
9-5-0.002000-[5,2,6,1,7,4,0,3,8,]
9-4-0.002000-[6,4,0,7,5,2,8,1,3,]
9-4-0.001000-[1,4,6,8,3,7,0,2,5,]
9-5-0.002000-[3,6,8,1,5,0,2,4,7,]
9-15-0.007000-[0,5,8,4,1,7,2,6,3,]
9-2-0.001000-[2,4,7,1,8,5,0,6,3,]
9-5-0.002000-[3,6,2,5,8,0,7,4,1,]
9-6-0.002000-[5,2,8,3,0,7,1,4,6,]
9-16-0.006000-[4,2,5,8,6,1,3,7,0,]
9-2-0.001000-[6,3,1,4,8,0,2,7,5,]
9-11-0.003000-[5,1,4,6,8,2,7,3,0,]
9-8-0.002000-[0,5,3,1,7,2,8,6,4,]
9-1-0.000000-[3,5,2,8,1,4,7,0,6,]
9-10-0.002000-[3,5,0,4,1,7,2,6,8,]
9-4-0.001000-[5,7,2,0,8,1,4,6,3,]
9-2-0.001000-[4,7,0,8,3,1,6,2,5,]
9-3-0.002000-[0,5,8,4,1,7,2,6,3,]
9-6-0.003000-[3,1,7,2,8,6,4,0,5,]
9-14-0.007000-[0,7,4,2,8,6,1,3,5,]
9-12-0.005000-[4,6,0,3,1,7,5,8,2,]
9-7-0.003000-[5,8,4,7,0,2,6,1,3,]
9-17-0.006000-[6,1,3,5,0,8,4,2,7,]
9-24-0.009000-[3,1,4,7,0,2,5,8,6,]
9-2-0.001000-[8,4,2,0,5,7,1,3,6,]
9-6-0.003000-[0,3,5,7,1,4,2,8,6,]
9-7-0.003000-[0,5,8,4,1,7,2,6,3,]
9-1-0.000000-[2,6,8,0,4,1,7,5,3,]
9-24-0.015000-[0,2,7,5,8,1,4,6,3,]
9-2-0.000000-[2,6,8,3,1,4,7,5,0,]
9-10-0.004000-[3,5,8,2,0,7,1,4,6,]
9-2-0.001000-[1,5,8,2,4,7,3,0,6,]
9-3-0.001000-[2,5,8,6,1,3,7,0,4,]
9-6-0.003000-[2,7,1,3,8,6,4,0,5,]
9-32-0.013000-[6,3,1,4,8,0,2,7,5,]
9-10-0.004000-[5,2,4,7,0,8,3,1,6,]
9-9-0.003000-[5,3,1,6,8,2,4,7,0,]
9-1-0.001000-[6,3,0,7,1,8,5,2,4,]
9-4-0.002000-[5,3,1,7,4,2,0,8,6,]
9-2-0.001000-[6,3,1,8,5,2,4,7,0,]
9-5-0.003000-[5,2,0,7,3,8,6,4,1,]
9-1-0.000000-[4,2,7,3,6,8,1,5,0,]
9-13-0.007000-[3,5,2,8,1,4,7,0,6,]
9-9-0.005000-[4,7,3,0,6,1,5,2,8,]
9-5-0.002000-[0,5,3,1,6,8,2,4,7,]
9-3-0.002000-[4,1,7,2,6,8,0,5,3,]
9-1-0.001000-[2,0,6,1,7,5,3,8,4,]
9-2-0.001000-[4,7,1,6,2,0,8,3,5,]
9-2-0.001000-[1,4,7,5,8,2,0,6,3,]
9-4-0.001000-[0,3,6,8,1,4,7,5,2,]
9-2-0.001000-[2,5,8,1,4,6,3,0,7,]
9-2-0.001000-[3,0,4,1,8,6,2,7,5,]
9-1-0.000000-[1,8,5,3,6,0,2,4,7,]
9-7-0.003000-[5,0,4,6,8,2,7,1,3,]
9-2-0.001000-[1,5,0,8,4,7,3,6,2,]
9-12-0.006000-[5,2,4,7,0,3,1,6,8,]
9-14-0.005000-[4,1,7,2,6,8,0,5,3,]
9-1-0.000000-[5,7,1,6,0,2,4,8,3,]
9-6-0.002000-[7,4,1,8,6,3,0,2,5,]
9-3-0.001000-[5,1,4,6,8,3,7,0,2,]
9-4-0.002000-[8,3,7,0,2,5,1,6,4,]
9-7-0.003000-[5,1,8,4,2,7,3,6,0,]
9-26-0.010000-[6,0,3,5,8,2,4,7,1,]
9-1-0.001000-[6,2,0,8,4,7,1,3,5,]
9-2-0.001000-[6,2,0,8,4,7,1,3,5,]
9-8-0.003000-[2,7,1,3,8,6,4,0,5,]
9-16-0.005000-[6,3,0,2,7,5,1,8,4,]
9-5-0.002000-[6,3,0,8,1,5,7,2,4,]
9-8-0.003000-[6,1,7,5,0,2,4,8,3,]
9-2-0.000000-[2,5,8,1,4,6,3,0,7,]
9-1-0.000000-[8,5,3,1,7,4,6,0,2,]
9-10-0.004000-[3,6,8,5,2,0,7,4,1,]
9-4-0.002000-[0,2,5,7,1,3,8,6,4,]
9-2-0.001000-[2,5,8,1,7,0,3,6,4,]
9-6-0.003000-[1,5,8,2,4,7,3,0,6,]
9-5-0.003000-[4,2,0,6,1,7,5,3,8,]
9-20-0.008000-[1,3,7,2,8,5,0,4,6,]
9-2-0.001000-[7,3,8,6,2,0,5,1,4,]
9-5-0.002000-[1,4,6,8,2,5,3,0,7,]
9-7-0.003000-[6,8,2,7,1,3,5,0,4,]
9-1-0.001000-[1,6,8,5,2,0,3,7,4,]
9-13-0.007000-[6,0,5,1,4,7,3,8,2,]
9-4-0.002000-[5,2,8,6,0,3,1,4,7,]
9-2-0.001000-[4,2,5,8,6,3,0,7,1,]
9-1-0.000000-[5,2,8,1,4,7,0,6,3,]
9-14-0.006000-[5,0,4,6,8,2,7,1,3,]
9-1-0.001000-[5,3,1,6,8,2,4,7,0,]
9-11-0.005000-[8,5,2,0,7,4,1,3,6,]
9-6-0.003000-[6,0,5,1,4,7,3,8,2,]
9-3-0.001000-[3,0,2,5,8,1,7,4,6,]
9-1-0.000000-[4,8,3,5,7,1,6,0,2,]
9-1-0.001000-[3,5,7,1,4,0,8,6,2,]
9-4-0.003000-[4,2,5,8,6,3,0,7,1,]
9-1-0.000000-[4,6,0,5,7,1,3,8,2,]
9-13-0.004000-[0,5,3,1,6,8,2,4,7,]
9-5-0.001000-[5,2,6,1,3,8,0,7,4,]
9-23-0.009000-[4,2,0,6,1,7,5,3,8,]
9-7-0.003000-[5,8,4,7,0,2,6,1,3,]
9-4-0.002000-[5,7,0,4,8,1,3,6,2,]
9-10-0.004000-[7,5,0,2,4,6,8,3,1,]
9-12-0.006000-[3,1,6,8,0,7,4,2,5,]
9-6-0.003000-[4,1,7,2,6,8,0,5,3,]
9-4-0.002000-[7,2,4,8,0,5,3,1,6,]
9-1-0.001000-[2,0,3,6,8,1,4,7,5,]
9-3-0.002000-[4,7,1,8,5,2,0,3,6,]
9-4-0.002000-[4,2,0,5,7,1,3,6,8,]
9-13-0.006000-[4,2,0,6,1,7,5,3,8,]
9-1-0.001000-[8,5,3,6,0,7,1,4,2,]
9-17-0.007000-[2,8,3,7,4,1,5,0,6,]
9-10-0.005000-[8,4,0,7,3,1,6,2,5,]
9-8-0.004000-[3,0,4,7,1,6,2,5,8,]
9-7-0.004000-[1,6,4,0,8,3,5,7,2,]
9-9-0.004000-[2,5,8,1,4,6,3,0,7,]
9-3-0.001000-[3,8,4,2,0,6,1,7,5,]
9-2-0.002000-[0,3,6,2,7,1,4,8,5,]
9-6-0.003000-[5,8,4,1,7,2,6,3,0,]
9-12-0.005000-[1,5,0,2,6,8,3,7,4,]
9-14-0.006000-[0,7,3,1,6,8,5,2,4,]
9-4-0.001000-[4,1,7,0,6,8,2,5,3,]
9-5-0.002000-[3,0,4,1,8,6,2,7,5,]
9-2-0.001000-[4,6,0,5,7,1,3,8,2,]
9-5-0.001000-[1,8,4,2,7,3,6,0,5,]
9-6-0.003000-[4,7,0,8,3,1,6,2,5,]
9-5-0.005000-[4,2,5,8,6,0,3,1,7,]
9-17-0.008000-[0,3,5,7,1,4,2,8,6,]
9-6-0.002000-[2,6,1,3,7,0,4,8,5,]
9-11-0.005000-[5,2,4,7,0,8,3,1,6,]
9-3-0.002000-[0,3,6,2,7,1,4,8,5,]
9-8-0.004000-[5,0,6,3,7,2,4,8,1,]
9-1-0.001000-[1,5,8,2,4,7,3,0,6,]
9-36-0.014000-[6,2,7,1,3,5,8,4,0,]
9-10-0.004000-[3,8,2,5,1,6,4,0,7,]
9-3-0.001000-[4,2,5,8,6,0,3,1,7,]
9-9-0.003000-[2,6,3,1,8,5,0,4,7,]
9-2-0.001000-[4,6,1,3,7,0,8,5,2,]
9-2-0.001000-[6,3,1,4,7,0,2,5,8,]
9-7-0.003000-[6,3,0,2,8,5,7,4,1,]
9-6-0.003000-[4,7,1,8,5,2,0,3,6,]
9-6-0.002000-[7,3,6,8,1,5,0,2,4,]
9-6-0.003000-[0,3,6,2,7,1,4,8,5,]
9-14-0.005000-[4,6,3,0,2,5,8,1,7,]
9-4-0.001000-[1,8,5,2,6,3,0,7,4,]
9-1-0.000000-[5,8,6,3,0,7,1,4,2,]
9-9-0.004000-[5,7,1,6,0,2,4,8,3,]
9-2-0.000000-[2,5,1,6,0,3,7,4,8,]
9-53-0.021000-[3,6,8,5,2,0,7,4,1,]
9-3-0.001000-[4,2,7,3,1,8,5,0,6,]
9-3-0.001000-[5,2,4,7,0,8,3,1,6,]
9-6-0.002000-[6,3,0,2,7,5,1,8,4,]
9-7-0.003000-[2,5,1,6,0,3,7,4,8,]
9-3-0.001000-[6,4,7,1,8,2,5,3,0,]
9-3-0.001000-[5,7,4,1,8,6,3,0,2,]
9-1-0.001000-[3,5,7,1,6,0,2,4,8,]
9-8-0.003000-[0,6,4,7,1,8,2,5,3,]
9-9-0.003000-[3,0,4,7,1,6,2,5,8,]
9-2-0.000000-[5,0,4,1,8,6,3,7,2,]
9-6-0.002000-[5,2,0,3,6,8,1,4,7,]
9-18-0.006000-[7,5,2,8,6,0,3,1,4,]
9-5-0.002000-[3,1,6,8,0,7,4,2,5,]
9-13-0.005000-[4,7,3,0,6,1,5,2,8,]
9-1-0.000000-[4,0,7,3,1,6,8,5,2,]
9-8-0.004000-[8,3,5,7,1,6,0,2,4,]
9-13-0.005000-[1,5,0,2,6,8,3,7,4,]
9-4-0.001000-[3,5,0,4,1,7,2,6,8,]
9-1-0.000000-[3,7,0,4,6,1,5,2,8,]
9-3-0.001000-[3,5,2,8,1,7,4,6,0,]
9-16-0.006000-[6,8,5,2,0,7,4,1,3,]
9-13-0.005000-[6,2,5,1,4,0,8,3,7,]
9-7-0.002000-[5,3,0,6,8,1,7,4,2,]
9-11-0.005000-[5,7,2,6,8,1,4,0,3,]
9-11-0.004000-[6,8,0,2,4,7,1,3,5,]
9-2-0.001000-[4,2,5,8,6,1,3,7,0,]
9-2-0.001000-[5,7,0,6,3,1,8,4,2,]
9-2-0.001000-[7,4,1,3,0,6,8,5,2,]
9-5-0.002000-[4,7,1,6,2,0,8,3,5,]
9-5-0.002000-[3,0,4,7,1,6,2,5,8,]
9-1-0.001000-[8,5,3,1,7,4,6,0,2,]
9-5-0.003000-[7,4,1,3,0,6,8,5,2,]
9-12-0.007000-[5,3,6,0,7,1,4,2,8,]
9-8-0.002000-[1,4,7,0,2,5,8,6,3,]
9-3-0.001000-[6,8,0,2,4,7,1,3,5,]
9-1-0.000000-[3,7,4,2,0,5,1,8,6,]
9-3-0.001000-[6,3,7,2,8,5,1,4,0,]
9-4-0.002000-[3,5,0,8,4,7,1,6,2,]
9-3-0.002000-[1,5,0,2,6,8,3,7,4,]
9-8-0.003000-[8,3,7,0,2,5,1,6,4,]
9-5-0.002000-[2,6,1,7,4,8,0,5,3,]
9-1-0.001000-[2,5,7,4,1,8,6,3,0,]
9-5-0.002000-[2,4,7,1,8,5,0,6,3,]
9-8-0.004000-[0,4,6,8,2,7,1,3,5,]
9-5-0.002000-[1,6,4,7,0,3,5,2,8,]
9-6-0.003000-[4,2,0,6,1,7,5,3,8,]
9-4-0.002000-[6,8,5,2,0,7,4,1,3,]
9-1-0.001000-[0,3,5,7,1,4,2,8,6,]
9-15-0.006000-[1,3,8,6,2,0,5,7,4,]
9-3-0.001000-[4,2,5,8,6,3,0,7,1,]
9-11-0.004000-[1,5,0,6,3,7,2,4,8,]
9-4-0.002000-[3,6,8,5,2,0,7,4,1,]
9-1-0.000000-[5,2,4,7,0,8,6,1,3,]
9-8-0.004000-[1,5,0,6,3,7,2,4,8,]
9-4-0.002000-[5,1,4,6,8,2,7,3,0,]
9-15-0.005000-[3,5,0,4,1,7,2,6,8,]
9-9-0.006000-[0,6,4,7,1,8,2,5,3,]
9-20-0.008000-[5,7,1,6,0,2,4,8,3,]
9-11-0.005000-[2,8,3,7,4,1,5,0,6,]
9-4-0.002000-[8,5,7,1,3,0,6,4,2,]
9-7-0.003000-[2,8,3,7,4,1,5,0,6,]
9-5-0.002000-[0,4,6,8,2,7,1,3,5,]
9-4-0.002000-[2,8,5,1,4,6,0,3,7,]
9-23-0.009000-[6,3,7,0,4,8,1,5,2,]
9-3-0.001000-[0,5,8,4,1,7,2,6,3,]
9-10-0.003000-[0,5,3,1,7,2,8,6,4,]
9-11-0.004000-[4,6,8,3,7,0,2,5,1,]
9-4-0.001000-[6,2,7,1,4,0,8,3,5,]
9-8-0.003000-[1,4,7,0,8,5,2,6,3,]
9-5-0.002000-[4,1,5,0,2,6,8,3,7,]
9-1-0.000000-[5,7,2,6,8,1,4,0,3,]
9-3-0.001000-[4,6,0,5,7,1,3,8,2,]
9-2-0.001000-[2,7,3,6,8,1,4,0,5,]
9-23-0.009000-[4,2,0,5,7,1,3,6,8,]
9-19-0.008000-[4,2,0,5,1,8,6,3,7,]
9-11-0.006000-[3,7,0,4,6,1,5,2,8,]
9-17-0.008000-[4,1,8,0,5,7,2,6,3,]
9-10-0.005000-[5,7,4,1,8,6,3,0,2,]
9-2-0.001000-[4,2,0,6,1,7,5,3,8,]
9-8-0.003000-[6,4,2,8,5,7,1,3,0,]
9-2-0.001000-[1,6,8,5,2,0,3,7,4,]
9-19-0.008000-[8,2,4,1,7,0,6,3,5,]
9-8-0.004000-[6,1,5,2,0,7,4,8,3,]
9-20-0.010000-[1,8,4,2,7,3,6,0,5,]
9-2-0.001000-[8,6,3,1,7,5,0,2,4,]
9-9-0.003000-[5,3,8,0,4,1,7,2,6,]
9-3-0.001000-[8,4,2,0,5,7,1,3,6,]
9-5-0.002000-[6,4,1,7,0,2,8,5,3,]
9-15-0.006000-[3,6,8,5,2,0,7,4,1,]
9-2-0.001000-[6,8,2,4,1,7,5,3,0,]
9-5-0.003000-[2,8,5,3,0,6,4,1,7,]
9-24-0.010000-[0,5,3,1,7,2,8,6,4,]
9-3-0.001000-[4,6,8,2,7,1,3,5,0,]
9-10-0.005000-[6,2,7,1,3,5,8,4,0,]
9-2-0.001000-[2,0,5,7,4,1,3,8,6,]
9-3-0.002000-[6,3,7,2,8,5,1,4,0,]
9-6-0.003000-[2,6,8,3,1,4,7,5,0,]
9-4-0.002000-[7,5,0,2,6,8,3,1,4,]
9-18-0.008000-[1,3,7,2,8,5,0,4,6,]
9-4-0.001000-[1,5,0,8,4,7,3,6,2,]
9-3-0.001000-[0,2,7,5,8,1,4,6,3,]
9-4-0.002000-[5,2,6,1,7,4,0,3,8,]
9-2-0.000000-[0,4,6,8,3,1,7,5,2,]
9-7-0.003000-[6,0,7,4,1,8,2,5,3,]
9-7-0.003000-[2,5,8,6,0,3,1,4,7,]
9-8-0.004000-[2,8,3,1,7,5,0,6,4,]
9-7-0.004000-[7,4,0,5,8,1,3,6,2,]
9-3-0.001000-[7,0,3,6,2,5,8,1,4,]
9-8-0.003000-[7,0,3,6,2,5,8,1,4,]
9-11-0.004000-[1,8,4,2,7,3,6,0,5,]
9-1-0.000000-[6,4,2,8,5,7,1,3,0,]
9-7-0.002000-[5,0,4,6,8,2,7,1,3,]
9-1-0.000000-[8,1,4,6,3,0,7,5,2,]
9-2-0.000000-[4,1,7,2,6,3,0,8,5,]
9-8-0.003000-[0,4,8,5,3,1,7,2,6,]
9-8-0.003000-[7,4,2,8,6,1,3,5,0,]
9-10-0.003000-[0,4,1,5,8,2,7,3,6,]
9-11-0.004000-[3,0,4,1,8,6,2,7,5,]
9-10-0.004000-[2,5,8,6,3,0,7,1,4,]
9-3-0.002000-[8,3,5,7,1,6,0,2,4,]
9-12-0.005000-[6,8,2,4,1,7,5,3,0,]
9-4-0.001000-[7,0,3,6,2,5,8,1,4,]
9-6-0.003000-[4,1,8,5,2,6,3,0,7,]
9-2-0.001000-[4,2,7,5,1,8,6,0,3,]
9-1-0.000000-[1,8,5,2,4,7,0,3,6,]
9-5-0.001000-[5,8,4,1,7,2,6,3,0,]
9-4-0.002000-[4,6,1,5,2,0,7,3,8,]
9-3-0.002000-[4,1,5,0,2,6,8,3,7,]
9-4-0.001000-[5,2,4,7,0,8,3,1,6,]
9-12-0.005000-[8,3,5,7,2,0,6,4,1,]
9-4-0.002000-[8,5,2,0,7,4,1,3,6,]
9-9-0.004000-[8,5,3,6,0,7,1,4,2,]
9-3-0.001000-[2,7,5,8,1,4,0,3,6,]
9-10-0.005000-[2,5,8,6,0,3,1,4,7,]
9-6-0.002000-[2,5,7,1,3,8,6,4,0,]
9-15-0.006000-[4,1,5,8,2,7,3,6,0,]
9-11-0.003000-[4,2,7,3,6,8,1,5,0,]
9-10-0.003000-[3,6,8,5,2,0,7,4,1,]
9-18-0.006000-[1,3,8,6,2,0,5,7,4,]
9-2-0.000000-[6,1,3,0,7,4,8,5,2,]
9-1-0.001000-[8,2,4,1,7,0,6,3,5,]
9-14-0.005000-[0,4,6,8,2,7,1,3,5,]
9-20-0.007000-[4,6,3,0,7,1,8,5,2,]
9-15-0.007000-[0,3,5,2,8,1,7,4,6,]
9-4-0.001000-[4,6,1,5,7,0,3,8,2,]
9-4-0.002000-[5,2,6,1,3,8,0,7,4,]
9-4-0.002000-[4,7,1,6,2,5,8,0,3,]
9-3-0.002000-[8,3,5,7,1,6,0,2,4,]
9-9-0.005000-[6,3,1,7,5,0,2,4,8,]
9-21-0.008000-[1,6,8,5,2,0,3,7,4,]
9-3-0.001000-[6,4,7,1,8,5,2,0,3,]
9-12-0.005000-[4,2,0,6,1,7,5,3,8,]
9-7-0.002000-[4,2,5,8,6,1,3,7,0,]
9-9-0.002000-[4,6,0,3,1,7,5,8,2,]
9-2-0.000000-[6,1,3,0,7,4,8,5,2,]
9-3-0.001000-[3,1,6,2,0,7,4,8,5,]
9-11-0.003000-[7,4,2,8,6,1,3,5,0,]
9-4-0.001000-[2,6,8,0,4,1,7,5,3,]
9-27-0.010000-[6,2,7,5,1,8,4,0,3,]
9-4-0.001000-[5,8,4,1,7,2,6,3,0,]
9-2-0.000000-[7,5,2,8,6,0,3,1,4,]
9-16-0.005000-[2,5,7,1,3,8,6,4,0,]
9-6-0.001000-[3,5,2,8,6,0,7,1,4,]
9-1-0.000000-[3,6,0,5,8,1,7,4,2,]
9-14-0.005000-[6,4,0,7,5,2,8,1,3,]
9-2-0.001000-[3,6,8,1,5,0,2,4,7,]
9-10-0.003000-[3,8,4,2,0,5,7,1,6,]
9-24-0.008000-[1,8,4,2,7,3,6,0,5,]
9-2-0.001000-[4,8,1,5,7,2,0,3,6,]
9-5-0.001000-[2,4,8,3,0,6,1,5,7,]
9-5-0.001000-[0,5,8,4,1,7,2,6,3,]
9-15-0.004000-[0,2,6,1,7,4,8,3,5,]
9-4-0.001000-[1,4,6,8,2,5,3,0,7,]
9-1-0.001000-[8,4,7,3,0,6,1,5,2,]
9-5-0.002000-[6,0,3,1,7,5,8,2,4,]
9-3-0.011000-[5,3,8,4,7,1,6,2,0,]
9-2-0.001000-[3,1,7,2,8,6,4,0,5,]
9-4-0.001000-[6,3,0,2,8,5,7,4,1,]
9-9-0.003000-[3,8,4,2,0,5,7,1,6,]
9-5-0.002000-[8,2,5,1,6,0,3,7,4,]
9-2-0.001000-[2,6,1,7,5,3,0,4,8,]
9-2-0.001000-[5,7,2,6,8,1,4,0,3,]
9-5-0.001000-[3,5,0,4,1,7,2,6,8,]
9-5-0.002000-[2,5,7,0,4,8,1,3,6,]
9-13-0.004000-[2,5,1,6,0,3,7,4,8,]
9-8-0.003000-[3,6,4,1,8,5,7,2,0,]
9-4-0.001000-[7,4,1,8,6,3,0,2,5,]
9-2-0.001000-[3,6,0,5,8,1,7,4,2,]
9-5-0.002000-[2,0,6,1,7,5,3,8,4,]
9-7-0.002000-[6,3,7,0,4,8,1,5,2,]
9-10-0.003000-[7,5,0,2,4,6,8,3,1,]
9-2-0.000000-[6,8,0,2,4,7,1,3,5,]
9-9-0.003000-[4,1,7,0,3,6,8,5,2,]
9-24-0.010000-[5,8,2,0,7,3,1,6,4,]
9-1-0.001000-[3,7,4,2,0,5,1,8,6,]
9-14-0.006000-[0,3,5,2,8,1,7,4,6,]
9-3-0.002000-[2,5,8,0,7,3,1,6,4,]
9-6-0.003000-[0,3,1,7,5,8,2,4,6,]
9-17-0.008000-[4,0,7,5,2,6,1,3,8,]
9-4-0.001000-[5,7,2,0,8,4,1,3,6,]
9-2-0.001000-[1,8,4,2,7,3,6,0,5,]
9-4-0.001000-[2,8,5,1,4,6,0,3,7,]
9-2-0.000000-[1,8,5,2,4,7,0,3,6,]
9-4-0.002000-[6,8,0,2,4,7,1,3,5,]
9-2-0.001000-[8,4,0,7,3,1,6,2,5,]
9-17-0.008000-[5,2,0,7,3,8,6,4,1,]
9-3-0.002000-[5,8,0,3,6,2,7,1,4,]
9-6-0.002000-[2,6,1,7,5,3,0,4,8,]
9-2-0.001000-[0,6,3,7,2,8,5,1,4,]
9-3-0.001000-[4,6,8,2,7,1,3,5,0,]
9-1-0.000000-[3,8,4,2,0,6,1,7,5,]
9-10-0.004000-[2,8,1,4,7,0,6,3,5,]
9-16-0.006000-[8,5,3,1,7,4,6,0,2,]
9-4-0.001000-[4,2,8,3,1,7,5,0,6,]
9-10-0.003000-[4,8,1,5,7,2,0,3,6,]
9-1-0.000000-[2,6,1,3,7,0,4,8,5,]
9-5-0.003000-[2,6,3,1,8,4,0,7,5,]
9-9-0.004000-[3,1,4,7,0,2,5,8,6,]
9-4-0.001000-[1,4,6,0,2,7,5,3,8,]
9-5-0.001000-[5,7,4,1,8,6,3,0,2,]
9-2-0.001000-[1,3,8,6,2,0,5,7,4,]
9-2-0.001000-[0,5,8,4,1,7,2,6,3,]
9-4-0.002000-[1,3,8,6,2,0,5,7,4,]
9-2-0.001000-[7,0,4,6,1,5,2,8,3,]
9-20-0.009000-[6,3,1,7,5,0,2,4,8,]
9-2-0.001000-[7,4,1,8,0,3,6,2,5,]
9-6-0.003000-[2,0,3,6,8,1,4,7,5,]
9-5-0.002000-[2,6,8,0,4,1,7,5,3,]
9-2-0.001000-[6,4,7,1,8,5,2,0,3,]
9-34-0.010000-[2,5,7,0,4,8,1,3,6,]
9-2-0.001000-[5,2,4,7,0,3,1,6,8,]
9-12-0.005000-[2,6,1,3,7,0,4,8,5,]
9-11-0.003000-[6,1,3,0,7,4,8,5,2,]
9-1-0.001000-[4,2,5,8,1,7,0,3,6,]
9-1-0.001000-[3,6,0,2,8,5,7,4,1,]
9-6-0.002000-[3,6,0,5,8,1,7,4,2,]
9-2-0.001000-[1,4,6,0,2,7,5,3,8,]
9-18-0.007000-[4,6,1,3,7,0,8,5,2,]
9-3-0.001000-[6,2,5,7,0,3,8,4,1,]
9-2-0.000000-[0,6,3,5,8,1,4,2,7,]
9-28-0.009000-[5,2,6,1,3,7,0,4,8,]
9-5-0.001000-[4,2,0,6,1,7,5,3,8,]
9-1-0.000000-[2,5,7,0,4,8,1,3,6,]
9-23-0.009000-[6,2,7,1,3,5,8,4,0,]
9-2-0.001000-[6,3,0,2,7,5,1,8,4,]
9-1-0.000000-[7,3,6,8,1,5,0,2,4,]
9-3-0.002000-[0,5,7,2,6,3,1,8,4,]
9-12-0.005000-[5,3,6,0,7,4,1,8,2,]
9-25-0.009000-[7,0,4,6,1,5,2,8,3,]
9-4-0.002000-[3,6,8,1,5,0,2,4,7,]
9-1-0.001000-[5,3,6,0,2,8,1,7,4,]
9-14-0.007000-[6,4,7,1,8,2,5,3,0,]
9-15-0.008000-[1,7,4,2,8,5,3,0,6,]
9-3-0.002000-[3,0,4,7,1,6,2,5,8,]
9-2-0.001000-[3,6,0,2,8,5,7,4,1,]
9-1-0.001000-[1,8,5,3,6,0,2,4,7,]
9-5-0.003000-[2,5,8,1,7,0,3,6,4,]
9-2-0.001000-[3,0,4,7,1,6,2,5,8,]
9-6-0.002000-[2,5,8,4,7,0,3,1,6,]
9-7-0.003000-[2,8,3,0,7,5,1,6,4,]
9-3-0.001000-[3,6,0,5,8,1,7,4,2,]
9-2-0.001000-[3,7,4,2,0,5,1,8,6,]
9-6-0.003000-[4,8,3,5,7,1,6,0,2,]
9-3-0.001000-[3,7,4,2,0,6,1,5,8,]
9-1-0.000000-[4,7,0,3,6,2,5,8,1,]
9-2-0.001000-[4,6,1,5,2,0,7,3,8,]
9-4-0.001000-[6,2,7,5,1,8,4,0,3,]
9-6-0.003000-[5,8,6,3,0,7,1,4,2,]
9-1-0.001000-[8,3,5,7,1,6,0,2,4,]
9-1-0.000000-[8,3,1,4,7,5,0,2,6,]
9-20-0.007000-[2,8,5,1,4,6,0,3,7,]
9-1-0.001000-[0,3,7,2,8,6,4,1,5,]
9-4-0.002000-[2,0,3,6,8,1,4,7,5,]
9-8-0.003000-[4,1,7,0,3,6,8,5,2,]
9-2-0.001000-[1,7,4,2,8,5,3,0,6,]
9-5-0.002000-[3,7,4,2,0,6,1,5,8,]
9-15-0.007000-[0,4,6,8,2,7,1,3,5,]
9-3-0.001000-[4,6,0,3,1,7,5,8,2,]
9-8-0.002000-[0,5,1,8,6,3,7,2,4,]
9-2-0.000000-[1,5,2,0,7,3,8,6,4,]
9-17-0.008000-[4,2,0,5,1,8,6,3,7,]
9-2-0.000000-[2,5,8,0,7,3,1,6,4,]
9-4-0.002000-[0,3,7,2,8,6,4,1,5,]
9-1-0.001000-[5,8,2,0,7,3,1,6,4,]
9-10-0.005000-[6,0,7,4,1,8,2,5,3,]
9-4-0.002000-[3,1,7,2,8,6,4,0,5,]
9-10-0.004000-[6,8,3,1,4,7,5,0,2,]
9-6-0.002000-[5,3,6,0,2,8,1,7,4,]
9-4-0.001000-[1,3,8,6,4,2,0,5,7,]
9-14-0.004000-[4,1,7,2,6,8,0,5,3,]
9-3-0.002000-[8,2,4,1,7,0,6,3,5,]
9-2-0.001000-[5,2,4,7,0,3,1,6,8,]
9-3-0.001000-[2,8,5,1,4,6,0,3,7,]
9-7-0.004000-[7,5,0,2,6,8,3,1,4,]
9-17-0.008000-[1,4,7,0,2,5,8,6,3,]
9-9-0.003000-[0,4,1,5,8,2,7,3,6,]
9-20-0.007000-[7,5,8,2,0,3,6,4,1,]
9-8-0.003000-[3,6,8,1,4,7,0,2,5,]
9-15-0.007000-[5,7,2,0,8,4,1,3,6,]
9-3-0.001000-[8,4,2,7,3,6,0,5,1,]
9-1-0.000000-[6,8,2,4,1,7,5,3,0,]
9-4-0.002000-[0,7,4,2,5,8,1,3,6,]
9-5-0.003000-[3,8,4,7,0,2,5,1,6,]
9-4-0.002000-[5,3,6,0,7,4,1,8,2,]
9-1-0.000000-[4,6,3,0,2,8,5,7,1,]
9-13-0.006000-[0,4,8,1,5,7,2,6,3,]
9-7-0.004000-[6,8,0,2,4,7,1,3,5,]
9-9-0.004000-[2,0,6,4,7,1,3,5,8,]
9-10-0.004000-[0,4,1,5,8,2,7,3,6,]
9-13-0.004000-[0,3,6,8,1,4,7,5,2,]
9-9-0.004000-[6,8,2,7,1,3,5,0,4,]
9-2-0.003000-[0,3,1,7,5,8,2,4,6,]
9-14-0.005000-[3,0,4,8,1,5,7,2,6,]
9-6-0.003000-[5,2,8,6,0,3,1,4,7,]
9-8-0.003000-[7,4,2,8,6,1,3,5,0,]
9-5-0.001000-[4,2,7,5,1,8,0,3,6,]
9-2-0.001000-[8,5,2,0,7,4,1,3,6,]
9-12-0.004000-[5,3,6,0,7,4,1,8,2,]
9-5-0.001000-[3,0,4,1,8,6,2,7,5,]
9-4-0.001000-[3,1,8,2,5,7,0,4,6,]
9-1-0.001000-[1,3,6,0,2,8,5,7,4,]
9-1-0.001000-[8,3,5,7,1,6,0,2,4,]
9-3-0.001000-[4,7,3,8,6,2,0,5,1,]
9-3-0.001000-[2,5,8,1,7,0,3,6,4,]
9-3-0.002000-[5,1,4,6,8,3,7,0,2,]
9-12-0.005000-[4,6,1,3,7,0,8,5,2,]
9-17-0.009000-[1,4,6,0,2,7,5,3,8,]
9-5-0.002000-[6,2,7,5,1,8,4,0,3,]
9-9-0.003000-[6,4,2,8,5,7,1,3,0,]
9-5-0.002000-[7,3,6,8,1,5,0,2,4,]
9-6-0.003000-[5,0,4,1,8,6,3,7,2,]
9-1-0.000000-[4,8,1,3,6,2,7,5,0,]
9-1-0.001000-[1,8,5,3,6,0,2,4,7,]
9-21-0.011000-[6,4,1,7,0,3,8,2,5,]
9-2-0.001000-[6,3,0,8,1,5,7,2,4,]
9-13-0.005000-[1,5,0,8,4,7,3,6,2,]
9-2-0.001000-[6,0,7,4,1,8,2,5,3,]
9-2-0.001000-[2,5,8,6,0,3,1,4,7,]
9-11-0.006000-[4,7,5,0,2,6,8,3,1,]
9-9-0.004000-[2,5,7,0,4,8,1,3,6,]
9-5-0.002000-[0,3,5,2,8,1,7,4,6,]
9-29-0.013000-[0,5,8,4,1,7,2,6,3,]
9-8-0.003000-[7,4,2,8,6,1,3,5,0,]
9-3-0.001000-[7,4,1,3,0,6,8,2,5,]
9-19-0.007000-[3,5,0,8,6,2,7,1,4,]
9-2-0.001000-[5,7,0,4,8,1,3,6,2,]
9-15-0.007000-[6,4,0,7,5,2,8,1,3,]
